rsid	chr	bp_grch37	bp_grch38
rs2843126	1	2316315	2384876
rs6698680	1	2329661	2398222
rs6693447	1	2330190	2398751
rs6683445	1	16368403	16041908
rs182050989	1	27262545	26936054
rs190934192	1	55334001	54868328
rs11591147	1	55505647	55039974
rs17414716	1	55759138	55293465
rs638714	1	62906489	62440818
rs1168032	1	62967747	62502076
rs7534572	1	62999675	62534004
rs12239737	1	63086001	62620330
rs6685187	1	151858888	151886412
rs76890070	1	172190494	172221354
rs10127775	1	230295789	230160042
rs59484402	1	230302838	230167092
rs4296389	2	21142994	20943234
rs4665710	2	21221035	20998163
rs676210	2	21231524	21008652
rs1260326	2	27730940	27508073
rs780094	2	27741237	27518370
rs4299376	2	44072576	43845437
rs2011946	2	136817616	136060046
rs13389219	2	165528876	164672366
rs78058190	2	219699999	218835276
rs2972143	2	227116365	226251649
rs2943656	2	227121918	226257202
rs9862795	3	49915506	49878073
rs534944	3	135961031	136242189
rs2581624	3	142633869	142915027
rs9866700	3	180281446	180563658
rs4860987	4	69491284	68625566
rs144064722	4	73406173	72540456
rs76246956	4	74783906	73918189
rs10020067	4	88181491	87260339
rs11429307	5	55857025	56561198
rs13179413	5	55868097	56572270
rs4703667	5	74613906	75318081
rs79225634	5	74619639	75323814
rs6452788	5	87712913	88417096
rs7444298	5	87730027	88434210
rs272888	5	131665423	132329730
rs273909	5	131667353	132331660
rs11242109	5	131677047	132341354
rs7773173	6	10956703	10956470
rs8523	6	10981053	10980820
rs3734398	6	10982973	10982740
rs2281591	6	10990493	10990260
rs2236212	6	10995015	10994782
rs3798713	6	11008622	11008389
rs2180725	6	11025420	11025187
rs6938550	6	20462138	20461907
rs115740542	6	26123502	26123274
rs2394976	6	31311912	31344135
rs28752523	6	32584772	32616995
rs6905288	6	43758873	43791136
rs199607859	6	139835418	139514281
rs662138	6	160564476	160143444
rs1564348	6	160578860	160157828
rs10455872	6	161010118	160589086
rs10806735	6	161105260	160684228
rs10215255	7	7318583	7278952
rs56001710	7	25983400	25943780
rs4000713	7	25990597	25950977
rs73109460	7	44785800	44746201
rs3812316	7	73020337	73606007
rs13229619	7	73030175	73615845
rs62466318	7	73042085	73627755
rs11976955	7	130433594	130748835
rs11998606	8	10663120	10805610
rs1736070	8	11665805	11808296
rs4646246	8	18248661	18391151
rs328	8	19819724	19962213
rs7819706	8	19844415	19986904
rs13273454	8	19940058	20082547
rs28601761	8	126500031	125487789
rs112875651	8	126506694	125494452
rs10733306	9	16048248	16048250
rs7047907	9	86368660	83753745
rs115478735	9	136149711	133274295
rs2236514	9	139572068	136677616
rs7916868	10	64988931	63229171
rs7080386	10	65048306	63288546
rs7924036	10	65191645	63431885
rs2068888	10	94839642	93079885
rs56233220	10	96717286	94957529
rs55891451	10	96728169	94968412
rs61886804	10	96749936	94990179
rs141078087	11	27631005	27609458
rs11030088	11	27646247	27624700
rs3019558	11	60784275	61016803
rs754382	11	60899767	61132295
rs3741252	11	61511498	61744026
rs174528	11	61543499	61776027
rs174535	11	61551356	61783884
rs174538	11	61560081	61792609
rs4246215	11	61564299	61796827
rs174541	11	61565908	61798436
rs174545	11	61569306	61801834
rs174546	11	61569830	61802358
rs174547	11	61570783	61803311
rs174548	11	61571348	61803876
rs174549	11	61571382	61803910
rs174550	11	61571478	61804006
rs174555	11	61579760	61812288
rs174556	11	61580635	61813163
rs174562	11	61585144	61817672
rs174564	11	61588305	61820833
rs174567	11	61593005	61825533
rs968567	11	61595564	61828092
rs99780	11	61596633	61829161
rs2727271	11	61603358	61835886
rs174581	11	61606683	61839211
rs174601	11	61623140	61855668
rs4382917	11	62221476	62454004
rs35169799	11	64031241	64263769
rs149402055	11	68525539	68758071
rs508049	11	68675497	68908029
rs36016715	11	75449644	75738599
rs11236512	11	75449819	75738774
rs673335	11	75450576	75739531
rs11236565	11	75568533	75857488
rs12223234	11	75568683	75857638
rs964184	11	116648917	116778201
rs11604424	11	116651115	116780399
rs3741298	11	116657561	116786845
rs144018203	11	116916060	117045344
rs12580543	12	7100973	6992881
rs1546224	12	63696548	63302768
rs73412716	12	112545197	112107393
rs1716407	12	124515218	124030671
rs9563335	13	56069705	55495570
rs143163547	14	54616527	NA
rs139974673	15	44027885	43735687
rs147233090	15	44028047	43735849
rs12907018	15	48519932	48227735
rs261290	15	58678720	58386521
rs261291	15	58680178	58387979
rs174418	15	58687603	58395404
rs1077835	15	58723426	58431227
rs1800588	15	58723675	58431476
rs11632618	15	58724706	58432507
rs261334	15	58726744	58434545
rs13336445	16	804760	754760
rs577543	16	938967	888967
rs4985126	16	15118254	15024397
rs72789541	16	15127534	15033677
rs4985155	16	15129459	15035602
rs1741	16	15130351	15036494
rs6498540	16	15130594	15036737
rs1136001	16	15131974	15038117
rs881803	16	15802334	15708477
rs821840	16	56993886	56959974
rs708272	16	56996288	56962376
rs8177876	16	81124275	81090670
rs8074191	17	17407191	17503877
rs2946516	17	21253921	21350609
rs111351217	17	41163974	43011957
rs72836561	17	41926126	43848758
rs16940904	17	44186063	46108697
rs1801689	17	64210580	66214462
rs9908820	17	73408819	75412738
rs7222755	17	73888423	75892342
rs9947684	18	47166694	49640324
rs116843064	19	8429323	8364439
rs10402112	19	11191677	11081001
rs145717049	19	19130096	19019287
rs58542926	19	19379549	19268740
rs8107974	19	19388500	19277691
rs58489806	19	19456917	19346108
rs143988316	19	19667254	19556445
rs7412	19	45412079	44908822
rs1065853	19	45413233	44909976
rs439401	19	45414451	44911194
rs190921611	19	45441475	44938218
rs499765	19	49266390	48763133
rs4810479	20	44545048	45916409
rs2835028	21	36972695	35600397
rs2835056	21	37005665	35633367
rs117143374	21	40555561	39183635
rs144723570	21	45244466	43824585
rs738408	22	44324730	43928850
rs2294919	22	44342325	43946445
