lnor	se	lnor_sh	se_sh	eaf	ncase	ncontrol	mac_case	mac_control
0.699305	0.300708	1.9999	0.728315407551665	0.0193645	339	195745	13.129131	7581.008105
4.60727	2.37704	1.9999	6.41926216976936	0.000263909	339	195745	0.178930302	103.31773441
2.18552	0.683181	1.9999	1.59317388548756	0.00423384	339	195745	2.87054352	1657.5060216
4.68742	2.37644	1.9999	6.69979059156429	0.000242287	339	195745	0.164270586	94.85293763
4.77588	2.40544	1.9999	6.40059966788335	0.000265449	339	195745	0.179974422	103.92062901
4.68742	2.37644	1.9999	6.69979059156429	0.000242287	339	195745	0.164270586	94.85293763
4.68742	2.37644	1.9999	6.69979059156429	0.000242287	339	195745	0.164270586	94.85293763
4.60727	2.37704	1.9999	6.41926216976936	0.000263909	339	195745	0.178930302	103.31773441
4.60727	2.37704	1.9999	6.41926216976936	0.000263909	339	195745	0.178930302	103.31773441
4.60727	2.37704	1.9999	6.41926216976936	0.000263909	339	195745	0.178930302	103.31773441
2.10982	0.644904	1.9999	1.50401947994676	0.00474342	339	195745	3.21603876	1857.0014958
2.22077	0.662821	1.9999	1.54019763185872	0.00452614	339	195745	3.06872292	1771.9385486
2.10743	0.67372	1.9999	1.46635599098748	0.00498659	339	195745	3.38090802	1952.2001191
2.2181	0.66424	1.9999	1.54226074172686	0.0045142	339	195745	3.0606276	1767.264158
2.1264	0.647767	1.9999	1.4835429376412	0.00487337	339	195745	3.30414486	1907.8756213
2.22553	0.663641	1.9999	1.5412592724959	0.00451999	339	195745	3.06455322	1769.5308851
2.12445	0.647526	1.9999	1.48769402370224	0.0048466	339	195745	3.2859948	1897.395434
2.1242	0.647743	1.9999	1.48917381718474	0.00483711	339	195745	3.27956058	1893.6801939
2.1114	0.67339	1.9999	1.59924002369803	0.00420218	339	195745	2.84907804	1645.1114482
2.21357	0.661914	1.9999	1.53677026294829	0.00454608	339	195745	3.08224224	1779.7448592
2.12492	0.675902	1.9999	1.59767003035496	0.00421034	339	195745	2.85461052	1648.3060066
2.12688	0.676207	1.9999	1.6028939589861	0.00418328	339	195745	2.83626384	1637.7122872
2.10027	0.64279	1.9999	1.50941981327781	0.00471001	339	195745	3.19338678	1843.9218149
2.13419	0.662821	1.9999	1.55034038514471	0.00446789	339	195745	3.02922942	1749.1342561
2.12772	0.676573	1.9999	1.57710843822542	0.00431943	339	195745	2.92857354	1691.0136507
2.1138	0.665715	1.9999	1.56017003566334	0.0044125	339	195745	2.991675	1727.449625
2.08107	0.665739	1.9999	1.55527579666331	0.00443995	339	195745	3.0102861	1738.1960255
2.11304	0.674747	1.9999	1.48309683612549	0.00487626	339	195745	3.30610428	1909.0070274
2.25776	0.655997	1.9999	1.47004347320814	0.00496197	339	195745	3.36421566	1942.5616353
2.14379	0.658389	1.9999	1.54080327973112	0.00452263	339	195745	3.06634314	1770.5644187
2.1232	0.647012	1.9999	1.50006818105584	0.00476809	339	195745	3.23276502	1866.6595541
2.11887	0.670304	1.9999	1.56237966154452	0.00440019	339	195745	2.98332882	1722.6303831
2.21559	0.662219	1.9999	1.53753491451852	0.00454162	339	195745	3.07921836	1777.9988138
2.12318	0.647501	1.9999	1.48376072916521	0.00487196	339	195745	3.30318888	1907.3236204
2.10169	0.672609	1.9999	1.45318692464864	0.00507602	339	195745	3.44154156	1987.2110698
2.21834	0.662913	1.9999	1.53493180840768	0.00455683	339	195745	3.08953074	1783.9533767
2.22218	0.663065	1.9999	1.54050123082871	0.00452438	339	195745	3.06752964	1771.2495262
2.11406	0.674791	1.9999	1.44372518096823	0.00514176	339	195745	3.48611328	2012.9476224
2.12278	0.675732	1.9999	1.49571683434511	0.00479548	339	195745	3.25133544	1877.3824652
2.12132	0.647077	1.9999	1.49066265011179	0.00482759	339	195745	3.27310602	1889.9532091
2.223	0.663207	1.9999	1.5406789870522	0.00452335	339	195745	3.0668313	1770.8462915
2.09722	0.642876	1.9999	1.50368354402321	0.00474551	339	195745	3.21745578	1857.8197099
2.1269	0.676211	1.9999	1.60289201916938	0.00418329	339	195745	2.83627062	1637.7162021
2.09477	0.671657	1.9999	1.46628138471865	0.00498709	339	195745	3.38124702	1952.3958641
2.22458	0.663509	1.9999	1.54083090433845	0.00452247	339	195745	3.06623466	1770.5017803
2.11461	0.645568	1.9999	1.50813933901093	0.0047179	339	195745	3.1987362	1847.010671
2.21875	0.664509	1.9999	1.54252916354751	0.00451265	339	195745	3.0595767	1766.6573485
2.11637	0.646046	1.9999	1.49478753631015	0.00480136	339	195745	3.25532208	1879.6844264
2.12832	0.676403	1.9999	1.598885608103	0.00420402	339	195745	2.85032556	1645.8317898
2.1764	0.656277	1.9999	1.52291836904337	0.00462802	339	195745	3.13779756	1811.8235498
2.21357	0.66154	1.9999	1.53894542693834	0.00453341	339	195745	3.07365198	1774.7846809
1.92627	0.639992	1.9999	1.48686946600875	0.0048519	339	195745	3.2895882	1899.470331
2.0907	0.670967	1.9999	1.46845250796664	0.00497257	339	195745	3.37140246	1946.7114293
2.12934	0.676267	1.9999	1.60161711922701	0.00418987	339	195745	2.84073186	1640.2922063
2.14498	0.657443	1.9999	1.5391381433549	0.00453229	339	195745	3.07289262	1774.3462121
2.1221	0.647183	1.9999	1.48979102627495	0.00483316	339	195745	3.27688248	1892.1338084
2.12499	0.647578	1.9999	1.4875585794475	0.00484747	339	195745	3.28658466	1897.7360303
2.11891	0.6463	1.9999	1.51437206962165	0.00467968	339	195745	3.17282304	1832.0479232
2.14437	0.655127	1.9999	1.53416584937931	0.00456132	339	195745	3.09257496	1785.7111668
2.21073	0.661606	1.9999	1.53923624955568	0.00453172	339	195745	3.07250616	1774.1230628
2.21158	0.661185	1.9999	1.53864101110662	0.00453518	339	195745	3.07485204	1775.4776182
2.12321	0.646975	1.9999	1.50051031860338	0.00476532	339	195745	3.23088696	1865.5751268
2.12689	0.676292	1.9999	1.6024537980307	0.00418555	339	195745	2.8378029	1638.6009695
2.22233	0.663023	1.9999	1.5412834650355	0.00451985	339	195745	3.0644583	1769.4760765
2.12283	0.647374	1.9999	1.48673268848307	0.00485278	339	195745	3.29018484	1899.8148422
2.12876	0.676242	1.9999	1.60161518396546	0.00418988	339	195745	2.84073864	1640.2961212
2.20712	0.661146	1.9999	1.53304538450949	0.0045679	339	195745	3.0970362	1788.287171
2.19542	0.659773	1.9999	1.52818123594285	0.00459663	339	195745	3.11651514	1799.5346787
2.09183	0.669189	1.9999	1.37191787301296	0.00568485	339	195745	3.8543283	2225.5619265
2.07945	0.66857	1.9999	1.47590143084016	0.00492323	339	195745	3.33794994	1927.3953127
2.19371	0.659204	1.9999	1.5274840526207	0.00460077	339	195745	3.11932206	1801.1554473
1.94428	0.619041	1.9999	1.28521389632727	0.0064627	339	195745	4.3817106	2530.082423
2.13118	0.664658	1.9999	1.55676155942351	0.00443159	339	195745	3.00461802	1734.9231691
2.1249	0.647595	1.9999	1.48705915067361	0.00485068	339	195745	3.28876104	1898.9927132
3.75903	1.11828	1.9999	2.40776790745158	0.000512573	1236	211217	1.267080456	216.528262682
1.60275	1.27387	1.9999	3.38023743166483	0.000530946	605	89731	0.64244466	95.284631052
0.941675	0.247447	1.9999	0.576268971151231	0.0173738	605	89731	21.022298	3117.9368956
1.0328	0.233278	1.9999	0.490017619099283	0.0235891	605	89731	28.542811	4233.3470642
1.0948	0.308126	1.9999	0.72294179998897	0.0112424	605	89731	13.603304	2017.5835888
0.768037	0.153713	1.9999	0.319534308435834	0.051146	605	89731	61.88666	9178.763452
0.854191	0.222603	1.9999	0.528348599596299	0.0204786	605	89731	24.779106	3675.1305132
1.06619	0.258431	1.9999	0.585651258595975	0.0168479	605	89731	20.385959	3023.5578298
0.922012	0.20221	1.9999	0.486485699683956	0.0239101	605	89731	28.931221	4290.9543662
1.07232	0.244405	1.9999	0.565105984938485	0.0180317	605	89731	21.818357	3236.0049454
1.14826	0.308641	1.9999	0.646814466887028	0.0139325	605	89731	16.858325	2500.354315
0.768289	0.200216	1.9999	0.501385150969823	0.0225979	605	89731	27.343459	4055.4643298
0.94771	0.420779	1.9999	0.890273136103742	0.000642035	7062	195745	9.06810234	251.35028215
0.741337	0.18472	1.9999	0.436929319109212	0.0182022	999	89731	36.3679956	3266.6032164
0.846395	0.217199	1.9999	0.538872640615572	0.0121823	999	89731	24.3402354	2186.2599226
0.76096	0.158928	1.9999	0.352711052588961	0.0271989	999	89731	54.3434022	4881.1689918
1.0501	0.232833	1.9999	0.572869664404907	0.0108229	999	89731	21.6241542	1942.2992798
1.06734	0.276356	1.9999	0.590511871114213	0.0102046	999	89731	20.3887908	1831.3379252
0.853161	0.223306	1.9999	0.556666308952692	0.0114411	999	89731	22.8593178	2053.2426882
0.707221	0.513761	1.9999	1.30242778585975	0.000529411	4050	208403	4.2882291	220.661681266
0.963394	0.701149	1.9999	1.83203205626638	0.000267776	4050	208403	2.1689856	111.610643456
0.954501	0.700969	1.9999	1.91374315879379	0.000245414	4050	208403	1.9878534	102.290027684
0.947193	0.709231	1.9999	1.82706759737143	0.000269232	4050	208403	2.1807792	112.217512992
0.954501	0.700969	1.9999	1.91374315879379	0.000245414	4050	208403	1.9878534	102.290027684
0.954501	0.700969	1.9999	1.91374315879379	0.000245414	4050	208403	1.9878534	102.290027684
0.963394	0.701149	1.9999	1.83203205626638	0.000267776	4050	208403	2.1689856	111.610643456
0.963394	0.701149	1.9999	1.83203205626638	0.000267776	4050	208403	2.1689856	111.610643456
0.963394	0.701149	1.9999	1.83203205626638	0.000267776	4050	208403	2.1689856	111.610643456
2.69868	1.20307	1.9999	2.62655818008741	0.000130329	4050	208403	1.0556649	54.321909174
3.52686	1.72114	1.9999	4.31402187352102	0.000273864	720	89731	0.39436416	49.148181168
3.79944	1.77179	1.9999	4.51548065692936	0.00024999	720	89731	0.3599856	44.86370538
3.31603	1.68753	1.9999	4.3041238584911	0.000275124	720	89731	0.39617856	49.374303288
3.79944	1.77179	1.9999	4.51548065692936	0.00024999	720	89731	0.3599856	44.86370538
3.79944	1.77179	1.9999	4.51548065692936	0.00024999	720	89731	0.3599856	44.86370538
3.52686	1.72114	1.9999	4.31402187352102	0.000273864	720	89731	0.39436416	49.148181168
3.52686	1.72114	1.9999	4.31402187352102	0.000273864	720	89731	0.39436416	49.148181168
3.52686	1.72114	1.9999	4.31402187352102	0.000273864	720	89731	0.39436416	49.148181168
0.986836	0.998543	1.9999	2.70751131750639	0.000694406	720	89731	0.99994464	124.619489572
0.918344	0.248226	1.9999	0.598815017988752	0.0136581	720	89731	19.667664	2451.1099422
0.725646	0.1673	1.9999	0.385962571733827	0.0312102	720	89731	44.942688	5601.0449124
0.933428	0.247705	1.9999	0.629372689207547	0.01241	720	89731	17.8704	2227.12342
0.718942	0.174474	1.9999	0.399595415109578	0.0292832	720	89731	42.167808	5255.2216384
1.15936	0.323088	1.9999	0.667165215383382	0.0110874	720	89731	15.965856	1989.7669788
0.66825	0.152995	1.9999	0.369835415391705	0.0337387	720	89731	48.583728	6054.8145794
0.954697	0.25787	1.9999	0.567260657826323	0.0151524	720	89731	21.819456	2719.2800088
1.20473	0.367471	1.9999	0.835961038639253	0.00714534	720	89731	10.2892896	1282.31700708
0.761718	0.212057	1.9999	0.490365873842417	0.0199881	720	89731	28.782864	3587.1044022
0.75481	0.182623	1.9999	0.448669407942389	0.0236202	720	89731	34.013088	4238.9283324
0.928774	0.246539	1.9999	0.594294858658603	0.0138584	720	89731	19.956096	2487.0561808
0.808821	0.209008	1.9999	0.51648420148961	0.0181179	720	89731	26.089776	3251.4745698
0.939636	0.232164	1.9999	0.566100130789605	0.0152119	720	89731	21.905136	2729.9579978
0.852795	0.276972	1.9999	0.637896356447634	0.012092	720	89731	17.41248	2170.054504
0.809409	0.170005	1.9999	0.403394130755883	0.00399959	5408	103939	43.25956544	831.42677002
0.850922	0.175748	1.9999	0.400626657625996	0.00405439	5408	103939	43.85228224	842.81848442
0.7484	0.3871	1.9999	0.986859868745919	0.01003	366	96133	7.34196	1928.42798
0.7312	1.3252	1.9999	3.15052565191186	0.001011	366	96133	0.740052	194.380926
3.5638	2.0801	1.9999	4.18285722343321	0.0005743	366	96133	0.4203876	110.4183638
1.1543	0.6969	1.9999	1.33670188519705	0.01395	142	96357	3.9618	2688.3603
3.3721	1.9092	1.9999	5.06228852843212	0.001011	142	96357	0.287124	194.833854
1.0846	0.8371	1.9999	2.24890329137159	0.005061	142	96357	1.437324	975.325554
0.8555	0.146	1.9999	0.336755625251306	0.01191	2589	93910	61.66998	2236.9362
1.6416	0.5221	1.9999	1.10155380190102	0.001149	2589	93910	5.949522	215.80518
0.8647	0.6224	1.9999	1.50839528711638	0.001011	1582	94917	3.198804	191.922174
0.9007	0.6936	1.9999	1.88597481451402	0.004936	207	96292	2.043504	950.594624
1.3234	0.6851	1.9999	1.86219045588607	0.005061	207	96292	2.095254	974.667624
2.3162	1.6032	1.9999	4.19178801514194	0.001011	207	96292	0.418554	194.702424
0.8793	0.575	1.9999	1.1068529377274	0.01395	207	96292	5.7753	2686.5468
0.8471	0.6842	1.9999	1.84742364373471	0.005141	207	96292	2.128374	990.074344
0.8885	0.8078	1.9999	2.04594805374975	0.001037	843	95656	1.748382	198.390544
2.9663	2.173	1.9999	4.41915366044082	0.0005743	328	96171	0.3767408	110.4620106
1.2863	0.8789	1.9999	2.17370160019359	0.001149	672	53590	1.544256	123.14982
3.557	1.6602	1.9999	3.64289172654384	0.00041	672	53590	0.55104	43.9438
2.4904	1.3257	1.9999	3.23107833166447	0.000521	672	53590	0.700224	55.84078
1.2895	0.6004	1.9999	1.68550936320545	0.008025	158	96341	2.5359	1546.27305
3.5203	3.3079	1.9999	6.37127894669056	0.0005743	158	96341	0.1814788	110.6572726
1.2689	0.67	1.9999	1.26714023912608	0.01395	158	96341	4.4082	2687.9139
0.9129	0.3181	1.9999	0.790003125180837	0.03383	158	96341	10.69028	6518.43206
0.9619	0.32	1.9999	0.789617994262399	0.03386	158	96341	10.69976	6524.21252
0.8002	0.283	1.9999	0.693743096255574	0.04273	158	96341	13.50268	8233.30186
0.9563	0.3191	1.9999	0.788465584618345	0.03395	158	96341	10.7282	6541.5539
0.9912	0.4014	1.9999	0.856187183891641	0.0292	158	96341	9.2272	5626.3144
1.2898	0.6004	1.9999	1.68540183788921	0.008026	158	96341	2.536216	1546.465732
1.6475	0.6497	1.9999	1.6832555110585	0.008046	158	96341	2.542536	1550.319372
0.9119	0.3178	1.9999	0.790388755108414	0.0338	158	96341	10.6808	6512.6516
1.2895	0.6004	1.9999	1.68550936320545	0.008025	158	96341	2.5359	1546.27305
1.2895	0.6004	1.9999	1.68550936320545	0.008025	158	96341	2.5359	1546.27305
0.9875	0.5785	1.9999	1.55783332012602	0.009357	158	96341	2.956812	1802.925474
1.2898	0.6004	1.9999	1.68540183788921	0.008026	158	96341	2.536216	1546.465732
0.913	0.3166	1.9999	0.787954833274098	0.03399	158	96341	10.74084	6549.26118
0.9557	0.319	1.9999	0.788337814441776	0.03396	158	96341	10.73136	6543.48072
0.9569	0.3192	1.9999	0.788465584618345	0.03395	158	96341	10.7282	6541.5539
1.2952	0.6019	1.9999	1.68550936320545	0.008025	158	96341	2.5359	1546.27305
0.9407	0.6406	1.9999	1.62304541788679	0.004585	301	96198	2.76017	882.13566
2.5641	1.3459	1.9999	3.47493764718127	0.001011	301	96198	0.608622	194.512356
1.6493	0.9022	1.9999	2.38143704220518	0.0009602	673	95826	1.2924292	184.0242504
1.2751	0.8705	1.9999	2.17639355484921	0.001149	673	95826	1.546554	220.208148
0.7236	0.9441	1.9999	2.32065944812665	0.001011	673	95826	1.360806	193.760172
1.4627	1.0297	1.9999	2.72132248908117	0.0009602	516	95983	0.9909264	184.3257532
0.6637	0.3364	1.9999	0.865175798289818	0.009267	516	95983	9.563544	1778.948922
0.7766	0.6421	1.9999	1.54927903330504	0.002945	516	95983	3.03924	565.33987
1.3877	1.1068	1.9999	2.65187037852973	0.001011	516	95983	1.043352	194.077626
1.0101	1.0035	1.9999	2.48701403530081	0.001149	516	95983	1.185768	220.568934
1.6455	1.1578	1.9999	3.18801790147503	0.001823	198	96301	0.721908	351.113446
1.5106	0.1585	1.9999	0.345076638777231	0.01548	1887	94612	58.42152	2929.18752
1.204	0.931	1.9999	1.83153216018568	0.0005743	1887	94612	2.1674082	108.6713432
1.3934	0.1533	1.9999	0.332576909032115	0.01661	1887	94612	62.68614	3143.01064
1.621	0.1655	1.9999	0.357191843844629	0.01449	1887	94612	54.68526	2741.85576
0.8009	0.1191	1.9999	0.273558553019461	0.02402	1887	94612	90.65148	4545.16048
2.3997	1.2959	1.9999	2.66950709801823	0.0005743	895	95604	1.027997	109.8107544
0.8753	0.4966	1.9999	1.17468578696311	0.002945	895	95604	5.27155	563.10756
1.5568	1.8144	1.9999	4.61339123991282	0.0009602	180	96319	0.345672	184.9710076
0.7264	0.7628	1.9999	1.99717868103429	0.005061	180	96319	1.82196	974.940918
0.7239	0.7614	1.9999	1.98134140416354	0.005141	180	96319	1.85076	990.351958
0.9804	0.6058	1.9999	1.18708521866807	0.01395	180	96319	5.022	2687.3001
0.7753	0.7735	1.9999	2.02268719706607	0.004936	180	96319	1.77696	950.861168
3.9485	1.8036	1.9999	4.33714940887321	0.001086	180	96319	0.39096	209.204868
1.811	0.7808	1.9999	1.89870142698705	0.002945	344	96155	2.02616	566.35295
0.8033	0.3885	1.9999	1.03523977727533	0.02087	155	96344	6.4697	4021.39856
0.9751	3.3471	1.9999	6.43271391281637	0.0005743	155	96344	0.178033	110.6607184
1.0464	0.5577	1.9999	1.11010292845415	0.01829	155	96344	5.6699	3524.26352
0.7693	0.5066	1.9999	1.38276336234183	0.008046	234	96265	3.765528	1549.09638
0.7406	0.9637	1.9999	2.3030732983095	0.002945	234	96265	1.37826	567.00085
0.9183	0.5539	1.9999	1.0409361793313	0.01395	234	96265	6.5286	2685.7935
1.3159	1.7088	1.9999	4.56043280976323	0.0009602	184	54078	0.3533536	103.8513912
1.0951	0.7508	1.9999	1.99947741114198	0.004936	184	54078	1.816448	533.858016
2.1109	1.6867	1.9999	4.44404359404154	0.001011	184	54078	0.372048	109.345716
0.7349	0.7429	1.9999	1.97426188772162	0.005061	184	54078	1.862448	547.377516
1.5013	0.7893	1.9999	2.07568901946905	0.004585	184	54078	1.68728	495.89526
3.1377	2.7781	1.9999	5.90022248874504	0.0005743	184	54078	0.2113424	62.1139908
1.1778	0.7377	1.9999	1.95860652080618	0.005141	184	54078	1.891888	556.029996
4.1451	1.8492	1.9999	3.98502140208386	0.001011	229	96270	0.463038	194.65794
1.5709	0.1624	1.9999	0.338525621494881	0.01632	1824	40413	59.53536	1319.08032
1.6514	0.1656	1.9999	0.347078027086292	0.01556	1824	40413	56.76288	1257.65256
0.8954	0.1246	1.9999	0.274170501410389	0.02431	1824	40413	88.68288	1964.88006
1.8867	1.0916	1.9999	1.91528941629728	0.0005339	1824	40413	1.9476672	43.1530014
1.7797	0.1725	1.9999	0.35970818730966	0.01453	1824	40413	53.00544	1174.40178
1.0726	0.9543	1.9999	2.49175023093144	0.0009602	615	95884	1.181046	184.1356336
0.7863	0.311	1.9999	0.792194318588769	0.009267	615	95884	11.39841	1777.114056
0.9642	1.0076	1.9999	2.42815723426352	0.001011	615	95884	1.24353	193.877448
0.915	0.589	1.9999	1.41858320113933	0.002945	615	95884	3.62235	564.75676
2.3173	0.9802	1.9999	2.27720850069478	0.001149	615	95884	1.41327	220.341432
3.0879	2.2029	1.9999	4.46719601364329	0.0005743	321	96178	0.3687006	110.4700508
0.6712	0.929	1.9999	2.29174570057129	0.001011	690	95809	1.39518	193.725798
1.1063	1.5458	1.9999	3.042677794965	0.0005743	690	95809	0.792534	110.0462174
1.6674	0.8266	1.9999	1.0120865071859	4e-04	5747	5522	4.5976	4.4176
0.754721	0.092172	1.9999	0.201548595392481	0.010439	7704	54763	160.844112	1143.341914
0.752914	0.092153	1.9999	0.201479102164176	0.010446	7704	54763	160.951968	1144.108596
0.846593	0.120553	1.9999	0.231871044933932	0.007942	7704	54763	122.370336	869.855492
0.859762707532283	0.096293980433688	1.9999	0.196404405674863	0.0181156466135978	3855	7663	139.671635390839	277.6404
0.8664	0.1879	1.9999	0.483900223439373	0.0167	825	6220	27.555	207.748
2.01343527726723	1.156	1.9999	3.77703357446259	0.001018	201	497	0.409236	1.011892
1.44361942773916	0.7328	1.9999	2.14583832114293	0.003138	201	497	1.261476	3.119172
1.44550622075174	0.7328	1.9999	2.14790812287696	0.003132	201	497	1.259064	3.113208
0.898126761246484	1.415	1.9999	3.74580971161482	0.001035	201	497	0.41607	1.02879
0.653366310548101	0.2579	1.9999	0.595076351608695	0.03768	201	497	15.14736	37.45392
0.646579544743611	0.2769	1.9999	0.640769038428129	0.03285	201	497	13.2057	32.6529
0.921875110168056	1.415	1.9999	3.79954847710081	0.001006	201	497	0.404412	0.999964
0.921875110168056	1.415	1.9999	3.79954847710081	0.001006	201	497	0.404412	0.999964
0.921875110168056	1.415	1.9999	3.79954847710081	0.001006	201	497	0.404412	0.999964
0.921875110168056	1.415	1.9999	3.79954847710081	0.001006	201	497	0.404412	0.999964
0.920681080175448	1.002	1.9999	2.63139136768642	0.002092	201	497	0.840984	2.079448
0.921875110168056	1.415	1.9999	3.79954847710081	0.001006	201	497	0.404412	0.999964
0.913887847257845	1.415	1.9999	3.76408271373448	0.001025	201	497	0.41205	1.01885
0.904622927006473	1.415	1.9999	3.75674157962269	0.001029	201	497	0.413658	1.022826
0.908661704709664	1.415	1.9999	3.76408271373448	0.001025	201	497	0.41205	1.01885
1.329	0.7121	1.9999	2.4631399071034	0.0004347	1366	40941	1.1876004	35.5941054
1.042	0.7935	1.9999	1.42748784168792	0.001291	1366	40941	3.527012	105.709662
1.53	0.581	1.9999	1.72960369817315	0.0004184	2810	40941	2.351408	34.2594288
0.7798	0.5751	1.9999	1.53862861797182	0.001071	1417	40941	3.035214	87.695622
0.849	0.261	1.9999	0.611447871240177	0.009331	1012	40941	18.885944	764.040942
1.685	1.062	1.9999	2.92584128664545	0.0004184	1012	40941	0.8468416	34.2594288
0.6492	1.488	1.9999	4.42163435075969	0.0001611	1149	40941	0.3702078	13.1911902
1.151	1.243	1.9999	2.02926706497773	0.0007635	1149	40941	1.754523	62.516907
1.13	1.017	1.9999	2.69066763340009	0.0004347	1149	40941	0.9989406	35.5941054
1.009	1.409	1.9999	2.41553215152856	0.0005392	1149	40941	1.2390816	44.1507744
1.254	0.915	1.9999	1.3455357785333	0.0004306	3238	4083	2.7885656	3.5162796
2.512	1.488	1.9999	2.0752596512999	0.0001811	3238	4083	1.1728036	1.4788626
1.235	1.448	1.9999	2.33304782444064	0.0001433	3238	4083	0.9280108	1.1701878
0.8476	0.4167	1.9999	0.735618285225716	0.001438	3238	4083	9.312488	11.742708
1.112	0.7208	1.9999	1.14083914025645	0.0005988	3238	4083	3.8778288	4.8898008
2.139	1.099	1.9999	1.25628318514966	0.0004939	3238	4083	3.1984964	4.0331874
2.464	1.103	1.9999	1.07508037868866	0.0006742	3238	4083	4.3661192	5.5055172
1.822	0.6487	1.9999	1.0038065220772	0.0007732	3238	4083	5.0072432	6.3139512
6.229	1.793	1.9999	3.1447706121007	7.888e-05	3238	4083	0.51082688	0.64413408
2.106	0.6376	1.9999	1.15147601176809	0.0005878	3238	4083	3.8065928	4.7999748
6.833	1.782	1.9999	2.7101870797948	0.0001062	3238	4083	0.6877512	0.8672292
2.393	0.877	1.9999	1.9514491738356	0.0002048	3238	4083	1.3262848	1.6723968
2.371	0.8753	1.9999	1.893596874352	0.0002175	3238	4083	1.40853	1.776105
1.503	0.9804	1.9999	1.31414474710175	0.0004514	3238	4083	2.9232664	3.6861324
0.8747	0.5382	1.9999	0.891594346721092	0.0009797	3238	4083	6.3445372	8.0002302
1.1492	0.0671	1.9999	0.177009993618342	0.0065	15167	58308	197.171	758.004
1.1193	0.0642	1.9999	0.16803286704385	0.0072	15167	58308	218.4048	839.6352
1.0788	0.5927	1.9999	1.01742121837092	2e-04	15167	58308	6.0668	23.3232
1.1493	0.0672	1.9999	0.171713620769745	0.0069	15167	58308	209.3046	804.6504
1.3854	0.0969	1.9999	0.268275226126893	0.0065	6988	44256	90.844	575.328
1.4435	0.0962	1.9999	0.279421790714342	0.006	6988	44256	83.856	531.072
1.121	0.9332	1.9999	2.18207454916266	1e-04	6988	44256	1.3976	8.8512
1.3741	0.092	1.9999	0.264168130709086	0.0067	6988	44256	93.6392	593.0304
1.3475	0.0806	1.9999	0.112857283063411	0.0022	79148	61106	348.2512	268.8664
1.0764	0.0418	1.9999	0.067081926538751	0.0062	79148	61106	981.4352	757.7144
0.739808	0.402016	1.9999	0.892646839282933	0.00601891	677	3940	8.14960414	47.4290108
1.23041	0.619578	1.9999	1.15173994154154	0.00363909	677	3940	4.92732786	28.6760292
1.56282	0.813154	1.9999	1.32961149381564	0.00273731	677	3940	3.70631774	21.5700028
1.54325	0.810284	1.9999	1.32766069204874	0.0027453	677	3940	3.7171362	21.632964
1.73683	0.818653	1.9999	1.29759916362484	0.00287297	677	3940	3.89000138	22.6390036
1.6888	0.812984	1.9999	1.29759916362484	0.00287297	677	3940	3.89000138	22.6390036
1.64577	0.807552	1.9999	1.29736706812259	0.00287399	677	3940	3.89138246	22.6470412
1.006	0.466869	1.9999	0.859918516266264	0.00647767	677	3940	8.77076518	51.0440396
1.54624	0.795282	1.9999	1.29454855530786	0.00288642	677	3940	3.90821268	22.7449896
1.50475	0.794474	1.9999	1.29346049743876	0.00289124	677	3940	3.91473896	22.7829712
1.49842	0.793722	1.9999	1.29343118906742	0.00289137	677	3940	3.91491498	22.7839956
1.14271	0.479265	1.9999	0.867877762309882	0.00636142	677	3940	8.61336268	50.1279896
1.46743	0.784823	1.9999	1.28950150300711	0.00290888	677	3940	3.93862352	22.9219744
1.08892	0.444388	1.9999	0.853500663462198	0.00657373	677	3940	8.90083042	51.8009924
1.41853	0.778075	1.9999	1.28819872049113	0.00291472	677	3940	3.94653088	22.9679936
0.835755	0.430196	1.9999	0.849353991751709	0.00663693	677	3940	8.98640322	52.2990084
1.36116	0.769441	1.9999	1.29328693044348	0.00289201	677	3940	3.91578154	22.7890388
1.32868	0.764874	1.9999	1.29325988726829	0.00289213	677	3940	3.91594402	22.7899844
1.30224	0.761571	1.9999	1.28740869619723	0.00291827	677	3940	3.95133758	22.9959676
0.88835	0.460989	1.9999	0.853123580021185	0.00657944	677	3940	8.90856176	51.8459872
1.07569	0.430905	1.9999	0.833699263324636	0.00688388	677	3940	9.32077352	54.2449744
0.855607	0.458588	1.9999	0.866296935577465	0.00638426	677	3940	8.64428804	50.3079688
1.23486	0.750719	1.9999	1.2858861238658	0.00292513	677	3940	3.96062602	23.0500244
1.18059	0.73976	1.9999	1.28907499143152	0.00291079	677	3940	3.94120966	22.9370252
1.14414	0.762957	1.9999	1.26648004442724	0.00301472	677	3940	4.08193088	23.7559936
1.30165	0.786942	1.9999	1.2849035135624	0.00292957	677	3940	3.96663778	23.0850116
1.49318	0.815607	1.9999	1.31633360692404	0.00279239	677	3940	3.78089606	22.0040332
1.47847	0.813662	1.9999	1.31519032291375	0.00279721	677	3940	3.78742234	22.0420148
1.33115	0.792661	1.9999	1.275496813915	0.00297259	677	3940	4.02488686	23.4240092
1.49978	0.816568	1.9999	1.31660444205619	0.00279125	677	3940	3.7793525	21.99505
1.41153	0.804938	1.9999	1.31757272281925	0.00278718	677	3940	3.77384172	21.9629784
1.41483	0.806393	1.9999	1.32097003527359	0.00277297	677	3940	3.75460138	21.8510036
1.43806	0.808671	1.9999	1.31996559080193	0.00277716	677	3940	3.76027464	21.8840208
1.56643	0.827381	1.9999	1.32756568892427	0.00274569	677	3940	3.71766426	21.6360372
1.83869	0.82467	1.9999	1.4107554245346	0.0024335	677	3940	3.294959	19.17598
2.07956	0.905314	1.9999	1.44537772441787	0.00231904	677	3940	3.13998016	18.2740352
1.9193	0.835635	1.9999	1.41965027574132	0.0024033	677	3940	3.2540682	18.938004
1.81711	0.822922	1.9999	1.41611662763012	0.00241523	677	3940	3.27022142	19.0320124
1.90505	0.835201	1.9999	1.41484642926383	0.00241954	677	3940	3.27605716	19.0659752
2.02345	0.850305	1.9999	1.42002799410795	0.00240203	677	3940	3.25234862	18.9279964
1.99029	0.84776	1.9999	1.42944475172973	0.00237069	677	3940	3.20991426	18.6810372
1.98985	0.849733	1.9999	1.42393266743546	0.00238896	677	3940	3.23465184	18.8250048
1.92213	0.849228	1.9999	1.4298302755699	0.00236942	677	3940	3.20819468	18.6710296
1.97909	0.857097	1.9999	1.43721141212016	0.0023453	677	3940	3.1755362	18.480964
1.96937	0.866946	1.9999	1.44482294771446	0.00232081	677	3940	3.14237674	18.2879828
2.173	0.896565	1.9999	1.44494199891655	0.00232043	677	3940	3.14186222	18.2849884
2.14478	0.896597	1.9999	1.44200870146346	0.00232982	677	3940	3.15457628	18.3589816
2.15503	0.896906	1.9999	1.44351218330838	0.002325	677	3940	3.14805	18.321
2.03926	0.895608	1.9999	1.44965533515256	0.00230546	677	3940	3.12159284	18.1670248
2.21572	0.922794	1.9999	1.45380806917489	0.00229239	677	3940	3.10389606	18.0640332
2.04933	0.904819	1.9999	1.44458493282316	0.00232157	677	3940	3.14340578	18.2939716
2.07455	0.907915	1.9999	1.44809175926255	0.00231041	677	3940	3.12829514	18.2060308
2.21411	0.92449	1.9999	1.44877342967592	0.00230825	677	3940	3.1253705	18.18901
2.08595	0.908959	1.9999	1.449535125039	0.00230584	677	3940	3.12210736	18.1700192
2.0663	0.910098	1.9999	1.45616219642024	0.00228503	677	3940	3.09393062	18.0060364
0.911195	0.492182	1.9999	1.15741962527772	0.00360381	677	3940	4.87955874	28.3980228
0.767856	0.580299	1.9999	1.25651876690618	0.00306231	677	3940	4.14636774	24.1310028
1.51343	1.61868	1.9999	3.7117458755535	0.000353553	677	3940	0.478710762	2.78599764
1.22673	0.393769	1.9999	0.959696829927806	0.00521865	677	3940	7.0660521	41.122962
3.4395	1.37326	1.9999	2.61791971811029	0.000710025	677	3940	0.96137385	5.594997
0.804634	0.413389	1.9999	0.864506259507688	0.00641028	677	3940	8.67951912	50.5130064
1.04191	0.38787	1.9999	0.8265631216056	0.00700102	677	3940	9.47938108	55.1680376
0.964655	0.390035	1.9999	0.841234704870784	0.00676333	677	3940	9.15754882	53.2950404
0.947498	0.386805	1.9999	0.838801456962478	0.00680191	677	3940	9.20978614	53.5990508
0.829332	0.357311	1.9999	0.813569441422559	0.00722208	677	3940	9.77869632	56.9099904
0.915934	0.364431	1.9999	0.84002370025415	0.00678249	677	3940	9.18349146	53.4460212
0.979634	0.38469	1.9999	0.84754922823325	0.00666472	677	3940	9.02403088	52.5179936
0.968474	0.381909	1.9999	0.844842179159711	0.00670673	677	3940	9.08091242	52.8490324
1.1297	0.397175	1.9999	0.888599334396527	0.00607297	677	3940	8.22280138	47.8550036
1.47675187668047	0.8176	1.9999	0.714180983201327	0.0026	1519	804	7.8988	4.1808
2.08170148608068	1.252	1.9999	0.940420322055562	0.0015	1519	804	4.557	2.412
2.07932903535124	1.2623	1.9999	0.940420322055562	0.0015	1519	804	4.557	2.412
2.04481127628093	1.1936	1.9999	0.858442383004627	0.0018	1519	804	5.4684	2.8944
2.16257561998571	1.2528	1.9999	0.883343571667791	0.0017	1519	804	5.1646	2.7336
1.28265458636013	1.4654	1.9999	2.62546969373512	0.9995	1519	804	1.51899999999983	0.803999999999911
1.29538448576005	1.4693	1.9999	2.62546969373512	0.9995	1519	804	1.51899999999983	0.803999999999911
1.66642297791676	1.4086	1.9999	1.05147160599559	0.0012	1519	804	3.6456	1.9296
1.57530185050442	1.2167	1.9999	1.01020523899372	0.0013	1519	804	3.9494	2.0904
1.70097735557455	1.3382	1.9999	0.973442781398939	0.0014	1519	804	4.2532	2.2512
1.81309686587541	1.2949	1.9999	0.883343571667791	0.0017	1519	804	5.1646	2.7336
2.37441260974193	1.5168	1.9999	0.910543851104047	0.0016	1519	804	4.8608	2.5728
1.38020083323133	1.2357	1.9999	1.09824375857177	0.0011	1519	804	3.3418	1.7688
4.53999572935307	9.1446	1.9999	4.15261265437493	0.9998	1519	804	0.607599999999933	0.321599999999965
1.07959934948618	0.7159	1.9999	1.06888787506958	0.997	1519	804	9.11400000000001	4.824
1.3724996500977	0.7844	1.9999	0.714180983201327	0.0026	1519	804	7.8988	4.1808
1.37328510652625	0.7845	1.9999	0.714180983201327	0.0026	1519	804	7.8988	4.1808
1.3733104335616	0.7845	1.9999	0.714180983201327	0.0026	1519	804	7.8988	4.1808
1.44458685387141	0.9033	1.9999	0.776442977539468	0.0022	1519	804	6.6836	3.5376
1.90693169226987	1.1038	1.9999	0.910543851104047	0.0016	1519	804	4.8608	2.5728
1.89460181696071	1.0997	1.9999	0.910543851104047	0.0016	1519	804	4.8608	2.5728
1.89931257939278	1.1011	1.9999	0.910543851104047	0.0016	1519	804	4.8608	2.5728
1.9069168386155	1.1034	1.9999	0.910543851104047	0.0016	1519	804	4.8608	2.5728
1.99524438287908	1.1346	1.9999	0.883343571667791	0.0017	1519	804	5.1646	2.7336
2.00075000409806	1.1362	1.9999	0.883343571667791	0.0017	1519	804	5.1646	2.7336
3.25092085427239	1.8111	1.9999	0.940420322055562	0.0015	1519	804	4.557	2.412
1.40334811568572	0.8924	1.9999	0.858442383004627	0.0018	1519	804	5.4684	2.8944
1.26784860591341	0.8648	1.9999	0.858442383004627	0.0018	1519	804	5.4684	2.8944
2.36239055586197	1.2559	1.9999	0.940420322055562	0.0015	1519	804	4.557	2.412
2.07971650387427	0.9554	1.9999	0.794726752199873	0.0021	1519	804	6.3798	3.3768
1.85567279497171	0.8737	1.9999	0.794726752199873	0.0021	1519	804	6.3798	3.3768
1.79803970718521	0.9125	1.9999	0.814364979681969	0.002	1519	804	6.076	3.216
1.9328972762614	0.8868	1.9999	0.776442977539468	0.0022	1519	804	6.6836	3.5376
2.07114471802985	1.5201	1.9999	0.940420322055562	0.0015	1519	804	4.557	2.412
1.62554745416717	1.2072	1.9999	0.973442781398939	0.0014	1519	804	4.2532	2.2512
1.60313811028557	0.7535	1.9999	0.59064779941423	0.0038	1519	804	11.5444	6.1104
2.39286445762377	1.5494	1.9999	0.973442781398939	0.0014	1519	804	4.2532	2.2512
2.36098606786852	1.5109	1.9999	0.940420322055562	0.0015	1519	804	4.557	2.412
2.11445872081172	1.2173	1.9999	0.776442977539468	0.0022	1519	804	6.6836	3.5376
2.23812123573572	1.4078	1.9999	0.883343571667791	0.0017	1519	804	5.1646	2.7336
1.35629896358449	1.382	1.9999	2.07492649350296	0.9992	1519	804	2.43040000000007	1.28640000000004
1.90486491533333	1.192	1.9999	0.814364979681969	0.002	1519	804	6.076	3.216
0.891013948689362	0.8716	1.9999	1.46589693430412	0.9984	1519	804	4.86080000000014	2.57280000000007
1.90419489855784	1.4407	1.9999	1.01020523899372	0.0013	1519	804	3.9494	2.0904
1.80928827151235	1.4243	1.9999	1.05147160599559	0.0012	1519	804	3.6456	1.9296
2.00265498532035	1.4397	1.9999	0.973442781398939	0.0014	1519	804	4.2532	2.2512
0.898411852986864	0.8828	1.9999	1.46589693430412	0.9984	1519	804	4.86080000000014	2.57280000000007
1.48869299473253	1.3041	1.9999	1.09824375857177	0.0011	1519	804	3.3418	1.7688
1.66426694871278	0.7542	1.9999	0.58301817545174	0.0039	1519	804	11.8482	6.2712
1.50756021361137	0.8382	1.9999	1.24929320625836	0.9978	1519	804	6.68359999999994	3.53759999999997
1.71642510433645	1.2084	1.9999	0.940420322055562	0.0015	1519	804	4.557	2.412
1.61029754284598	1.1759	1.9999	1.01020523899372	0.0013	1519	804	3.9494	2.0904
1.73423628298439	1.1196	1.9999	0.883343571667791	0.0017	1519	804	5.1646	2.7336
1.73310582043421	1.1193	1.9999	0.883343571667791	0.0017	1519	804	5.1646	2.7336
1.71563407883856	1.1148	1.9999	0.883343571667791	0.0017	1519	804	5.1646	2.7336
1.72755866883419	1.1237	1.9999	0.883343571667791	0.0017	1519	804	5.1646	2.7336
3.29775354651665	2.1959	1.9999	1.05147160599559	0.0012	1519	804	3.6456	1.9296
2.94357544853643	1.4687	1.9999	0.63386079154054	0.0033	1519	804	10.0254	5.3064
1.50365508539315	1.0505	1.9999	0.883343571667791	0.0017	1519	804	5.1646	2.7336
2.48723726512628	1.5425	1.9999	0.858442383004627	0.0018	1519	804	5.4684	2.8944
0.672083875794243	0.199044169130063	1.9999	0.495723729754968	0.0132169	1091	372016	28.8392758	9833.7965408
0.000631263	0.000292685	1.9999	1.68304256498731	0.00815542	156	337003	2.54449104	5496.80201252
0.00059417	0.000290168	1.9999	1.63122498911296	0.00866847	156	337003	2.70456264	5842.60079082
0.00134249	0.000436379	1.9999	0.971952749089814	0.00940246	404	336755	7.59718768	6332.6508346
1.04	0.329	1.9999	0.829657628578009	0.014352	358	407399	10.276032	11693.980896
1.09	0.21	1.9999	0.472883551285349	0.040836	358	407399	29.238576	33273.091128
1.2	0.336	1.9999	0.760244290574829	0.01696	358	407399	12.14336	13818.97408
1.6	0.988	1.9999	2.05510117590349	0.002424	358	407399	1.735584	1975.070352
32.7	11.9	1.9999	11.3522015055084	8e-05	358	407399	0.05728	65.18384
0.874	0.204	1.9999	0.483028899658934	0.039315	358	407399	28.14954	32033.78337
2.94	1.32	1.9999	2.73594268196128	0.001372	358	407399	0.982352	1117.902856
1.55	0.416	1.9999	0.950643671137211	0.01104	358	407399	7.90464	8995.36992
0.763	0.403	1.9999	0.983666204432094	0.010333	358	407399	7.398428	8419.307734
0.00342984	0.00074947	1.9999	0.38562877314511	0.0129341	1841	359353	47.6233562	9295.8152746
