gt.data.id	assay.name	gt.rate	freq.a	freq.b	hw.p.value	p.date
662	rs1000778	0.9983	0.25302	0.74698	3.063e-01	8.329e-02
13692	rs102275	1.0000	0.34002	0.65998	5.307e-02	1.180e-01
22918	rs10488693	0.9994	0.93246	0.06754	2.786e-04	9.110e-01
26451	rs10501333	0.9996	0.59168	0.40832	5.326e-01	1.640e-01
33707	rs10736719	0.9986	0.33463	0.66537	6.704e-01	5.433e-02
38201	rs10792322	0.9998	0.70351	0.29649	6.769e-02	8.465e-01
38202	rs10792327	0.9997	0.39625	0.60375	8.543e-01	7.575e-01
38203	rs10792346	0.9986	0.56495	0.43505	9.782e-04	4.615e-01
46433	rs10897165	0.9982	0.10304	0.89696	1.477e-02	6.601e-04
46435	rs10897193	0.9978	0.08023	0.91977	7.580e-05	8.093e-03
46436	rs10897222	0.9946	0.60531	0.39469	1.477e-01	2.672e-02
46437	rs10897242	0.9955	0.80275	0.19725	4.201e-03	4.689e-04
46438	rs10897261	0.9987	0.73456	0.26544	5.012e-01	4.130e-01
58146	rs1109748	0.9996	0.07275	0.92725	5.003e-01	5.483e-02
65930	rs11230660	0.9998	0.00128	0.99872	1.000e+00	1.113e-01
65931	rs11230723	0.9999	0.94818	0.05182	8.989e-02	1.598e-01
65932	rs11230749	0.9571	0.82986	0.17014	6.711e-55	1.046e-45
65934	rs11230751	0.9987	0.31038	0.68962	2.914e-02	7.396e-01
65936	rs11230767	0.9997	0.37145	0.62855	1.328e-02	8.526e-01
65938	rs11230851	0.9993	0.08401	0.91599	1.650e-01	3.795e-02
65940	rs11230882	0.9998	0.65791	0.34209	5.786e-01	6.385e-01
65941	rs11230896	0.5432	0.83555	0.16445	8.166e-01	8.312e-01
65942	rs11230906	0.9998	0.22935	0.77065	1.560e-01	2.153e-01
65943	rs11230916	0.9997	0.72574	0.27426	5.126e-01	1.696e-01
65945	rs11230985	0.9991	0.75160	0.24840	8.710e-01	1.752e-01
65946	rs1729388	0.9994	0.53911	0.46089	3.098e-01	2.319e-01
65948	rs11231002	0.9938	0.60976	0.39024	1.323e-09	5.590e-01
65950	rs11231018	0.9997	0.60922	0.39078	5.305e-03	6.359e-01
65951	rs11231027	0.9996	0.43539	0.56461	1.853e-02	5.189e-01
71389	rs11603383	0.9994	0.29353	0.70647	3.882e-01	5.430e-01
71395	rs11603446	0.9974	0.18227	0.81773	5.966e-01	8.404e-01
71458	rs11604814	0.9992	0.82530	0.17470	7.012e-01	4.705e-01
71517	rs11605965	0.9987	0.87734	0.12266	2.601e-02	8.013e-01
83634	rs11820769	0.9982	0.04121	0.95879	4.313e-01	3.566e-01
83670	rs11822158	0.9878	0.99669	0.00331	1.000e+00	1.210e-02
99652	rs2736601	0.9999	0.93051	0.06949	6.622e-01	7.266e-01
101440	rs12279557	0.9994	0.00140	0.99860	2.107e-01	1.034e-01
101483	rs12280873	0.9999	0.00104	0.99896	3.776e-01	2.647e-01
101586	rs12284488	0.9994	0.99952	0.00048	1.000e+00	3.344e-01
101603	rs12285167	0.9966	0.20637	0.79363	8.224e-04	9.135e-01
101725	rs12289584	1.0000	0.00041	0.99959	1.000e+00	1.627e-01
101925	rs12295977	1.0000	0.00023	0.99977	1.000e+00	1.539e-01
106062	rs12420131	0.9998	0.94722	0.05278	3.679e-04	1.182e-01
106091	rs12420642	0.9947	0.26733	0.73267	5.570e-01	9.791e-01
106168	rs12422044	0.9957	0.40172	0.59828	8.820e-01	6.958e-01
123685	rs12789264	0.9654	0.75338	0.24662	1.743e-108	1.527e-53
123988	rs12802587	0.9799	0.19625	0.80375	2.956e-47	2.226e-11
124085	rs12806663	0.9990	0.23155	0.76845	8.413e-01	9.111e-01
151229	rs13966	0.9997	0.51725	0.48275	1.666e-02	4.254e-01
152426	rs1406381	0.9996	0.81387	0.18613	5.220e-01	8.245e-01
162930	rs1495941	0.9996	0.82091	0.17909	1.323e-03	4.026e-01
167447	rs1534589	0.4172	0.73395	0.26605	1.063e-01	8.791e-01
167496	rs1535	1.0000	0.66726	0.33274	4.705e-02	1.224e-01
175027	rs1620118	0.9992	0.08695	0.91305	1.984e-02	7.517e-02
176977	rs1675063	0.9998	0.68551	0.31449	5.549e-01	8.125e-01
176978	rs1675090	0.9989	0.51888	0.48112	2.729e-03	8.990e-02
176980	rs1675102	0.9970	0.74331	0.25669	2.489e-01	4.315e-01
176981	rs1675124	0.5433	0.08659	0.91341	4.806e-03	1.985e-01
176982	rs1675129	0.9995	0.32886	0.67114	7.082e-01	4.359e-01
182524	rs1692116	0.9997	0.14012	0.85988	7.438e-01	1.150e-01
182528	rs1692120	0.9997	0.47320	0.52680	8.637e-03	2.993e-01
195492	rs17156025	0.9989	0.98972	0.01028	1.777e-01	7.738e-06
195551	rs17157040	0.9993	0.95602	0.04398	6.138e-01	5.220e-03
196639	rs17185574	0.9998	0.23910	0.76090	1.703e-02	1.867e-01
199062	rs1729398	0.9991	0.00307	0.99693	1.070e-03	8.148e-01
199064	rs1729404	0.9874	0.76015	0.23985	5.687e-16	4.233e-23
202230	rs174449	0.9993	0.64286	0.35714	2.507e-01	3.462e-01
202233	rs174450	0.9977	0.46507	0.53493	1.467e-01	1.228e-01
202279	rs174469	0.9978	0.84141	0.15859	5.261e-03	7.345e-01
202301	rs174478	0.9909	0.41726	0.58274	2.434e-06	1.612e-01
202396	rs174532	0.9979	0.30193	0.69807	4.743e-02	6.690e-01
202402	rs174534	0.9961	0.66422	0.33578	2.685e-03	2.649e-01
202407	rs174537	0.9995	0.67037	0.32963	1.914e-01	1.630e-01
202427	rs174546	1.0000	0.66932	0.33068	6.165e-02	1.421e-01
202438	rs174556	0.9998	0.70996	0.29004	5.438e-01	6.067e-02
202468	rs174570	0.9995	0.86614	0.13386	5.347e-01	4.954e-01
202477	rs174576	0.9996	0.33817	0.66183	1.949e-02	7.761e-02
202480	rs174579	0.9971	0.79342	0.20658	3.498e-01	3.188e-01
202520	rs174611	0.9991	0.28870	0.71130	7.231e-01	2.561e-01
202542	rs174627	0.9970	0.14355	0.85645	6.793e-01	3.661e-01
203009	rs174868	0.9982	0.05215	0.94785	1.493e-01	1.157e-01
208000	rs17704641	0.9993	0.86213	0.13787	7.163e-01	1.531e-01
208064	rs17706767	0.9995	0.34063	0.65937	6.856e-01	5.285e-01
208084	rs17707648	0.9990	0.04918	0.95082	3.903e-01	9.655e-01
211445	rs17827918	0.9940	0.10127	0.89873	6.206e-07	1.065e-02
212378	rs1791786	0.9993	0.75526	0.24474	7.616e-01	3.252e-01
212460	rs1792886	0.9991	0.90640	0.09360	1.146e-03	4.475e-02
212461	rs1792901	0.9999	0.99754	0.00246	5.501e-03	8.595e-01
212462	rs1792911	0.9992	0.99825	0.00175	3.832e-01	8.774e-01
212463	rs1792946	0.9993	0.68542	0.31458	4.394e-01	8.106e-01
212464	rs1792959	0.9992	0.00018	0.99982	1.000e+00	4.128e-01
212547	rs1794072	0.9997	0.22525	0.77475	9.292e-02	1.809e-02
212825	rs1800007	0.9997	0.31483	0.68517	1.164e-01	6.492e-04
213343	rs1812458	0.9997	0.31142	0.68858	1.210e-03	6.735e-01
225787	rs195156	0.9998	0.09415	0.90585	3.112e-01	3.754e-01
226121	rs195445	0.9998	0.31784	0.68216	4.795e-02	1.511e-01
228455	rs198432	0.9986	0.25673	0.74327	6.904e-03	1.860e-03
228467	rs198448	0.9997	0.60169	0.39831	3.812e-01	7.844e-02
228476	rs198456	0.9994	0.37341	0.62659	3.026e-05	8.293e-01
228481	rs198462	0.9990	0.50144	0.49856	3.013e-03	6.229e-01
228485	rs198464	0.9951	0.49649	0.50351	4.823e-04	2.250e-01
228493	rs198475	0.9994	0.75009	0.24991	3.655e-03	1.812e-01
228651	rs198746	0.9956	0.21008	0.78992	5.927e-12	5.459e-01
228652	rs198747	0.9997	0.09809	0.90191	3.897e-03	5.222e-01
228656	rs198756	0.9999	0.12018	0.87982	7.148e-01	3.523e-02
230736	rs2008212	0.9998	0.99906	0.00094	1.000e+00	9.096e-02
238046	rs2072114	0.9910	0.87425	0.12575	9.602e-04	1.970e-33
238353	rs2073588	0.9997	0.94837	0.05163	3.613e-01	2.707e-01
239718	rs2089925	0.9999	0.25643	0.74357	9.620e-01	1.343e-01
251572	rs2232950	0.9986	0.66797	0.33203	4.835e-01	2.314e-02
253452	rs2246920	0.9115	0.88687	0.11313	3.616e-13	0.000e+00
269916	rs2429861	0.9899	0.99926	0.00074	1.000e+00	4.848e-01
271741	rs2463822	0.9997	0.88066	0.11934	2.892e-01	4.482e-01
271743	rs2463833	0.9987	0.38629	0.61371	1.672e-01	5.483e-01
271744	rs2463836	0.9999	0.11824	0.88176	2.789e-01	5.365e-01
271745	rs2463838	0.9978	0.65993	0.34007	7.135e-01	4.727e-01
274342	rs2511229	0.9997	0.08655	0.91345	1.860e-01	4.580e-02
274462	rs2513039	0.9978	0.55727	0.44273	2.972e-01	6.709e-01
274468	rs2513081	0.9998	0.82116	0.17884	6.277e-01	7.667e-01
275114	rs2524289	0.9996	0.51709	0.48291	2.010e-02	3.706e-01
278753	rs259871	0.9979	0.07359	0.92641	1.439e-02	4.859e-01
278754	rs259874	1.0000	0.11887	0.88113	2.565e-03	4.711e-01
286067	rs2727261	0.9998	0.89624	0.10376	4.342e-01	1.434e-01
286068	rs2727269	0.9925	0.53756	0.46244	7.305e-02	2.069e-02
286688	rs2736602	0.9802	0.65149	0.34851	3.233e-04	1.198e-03
294902	rs2851682	0.9998	0.90966	0.09034	8.682e-01	8.718e-01
294971	rs2852786	0.9969	0.32861	0.67139	8.179e-03	1.961e-01
294992	rs2853012	0.9999	0.91892	0.08108	4.097e-02	1.364e-01
299324	rs2924446	0.9991	0.13087	0.86913	2.836e-02	7.864e-01
300298	rs2943807	0.9951	0.85212	0.14788	4.035e-04	2.198e-01
300299	rs2943808	0.9999	0.77422	0.22578	1.030e-02	4.570e-03
300948	rs2957857	0.9996	0.78377	0.21623	4.898e-03	4.953e-03
300949	rs2957858	0.9986	0.16260	0.83740	3.271e-01	2.159e-01
304259	rs3018622	0.9981	0.99954	0.00046	6.835e-02	5.504e-01
304263	rs3018727	0.9996	0.86153	0.13847	2.451e-01	9.963e-01
304287	rs3019187	0.9485	0.84041	0.15959	5.406e-41	1.748e-40
304288	rs3019200	0.9987	0.81816	0.18184	4.477e-01	2.348e-03
304322	rs3019626	0.9628	0.76994	0.23006	1.747e-11	5.316e-49
314265	rs3741259	0.5432	0.90593	0.09407	8.001e-01	3.351e-01
314266	rs3741260	0.9998	0.14388	0.85612	3.373e-01	9.931e-03
318357	rs3781974	0.9999	0.27466	0.72534	1.283e-01	6.809e-01
321960	rs3815045	0.9998	0.02573	0.97427	1.838e-02	8.127e-01
325185	rs3862389	0.9998	0.67070	0.32930	8.990e-01	4.984e-01
326212	rs3900954	0.9989	0.64821	0.35179	5.471e-02	6.397e-01
327663	rs3931642	0.9988	0.22766	0.77234	2.173e-05	9.016e-01
330613	rs412334	0.9980	0.85255	0.14745	2.010e-01	7.807e-01
341575	rs4432028	0.9999	0.26503	0.73497	3.406e-01	4.256e-01
344023	rs449397	0.9998	0.41444	0.58556	5.827e-01	7.766e-01
365406	rs482548	0.9983	0.90148	0.09852	9.660e-01	6.500e-01
376465	rs4963243	0.9993	0.14255	0.85745	2.752e-01	1.162e-02
376466	rs4963291	0.9993	0.42462	0.57538	5.408e-02	1.114e-01
376467	rs4963307	0.9978	0.48670	0.51330	6.717e-02	6.264e-01
376472	rs4963442	0.9988	0.38517	0.61483	9.362e-01	8.463e-01
376473	rs4963452	0.8805	0.17553	0.82447	6.503e-37	0.000e+00
376474	rs4963459	0.9997	0.43487	0.56513	7.415e-01	4.800e-01
376475	rs4963471	0.9996	0.26576	0.73424	4.583e-01	5.361e-01
378225	rs498793	0.9799	0.60419	0.39581	1.115e-37	2.978e-77
379391	rs509360	0.9997	0.32882	0.67118	1.484e-01	3.764e-03
383228	rs569258	0.9997	0.35110	0.64890	8.463e-05	7.794e-01
412417	rs6591657	0.9983	0.89981	0.10019	1.962e-01	1.753e-01
434880	rs695867	1.0000	0.96186	0.03814	1.729e-01	1.877e-01
445533	rs7112078	0.9964	0.05381	0.94619	9.292e-01	1.554e-02
445548	rs2429862	0.9967	0.28377	0.71623	4.406e-10	1.084e-01
446669	rs7129085	0.9998	0.37001	0.62999	2.824e-02	9.951e-01
461093	rs7342150	0.9998	0.91366	0.08634	3.545e-02	2.919e-02
462905	rs1628349	0.9999	0.05222	0.94778	8.640e-02	9.432e-02
463782	rs741886	0.9959	0.92043	0.07957	2.857e-01	3.396e-01
473657	rs760306	0.9995	0.74435	0.25565	2.004e-02	4.292e-04
495354	rs7925016	0.9995	0.21601	0.78399	3.034e-01	5.744e-01
495376	rs7925523	0.9987	0.15064	0.84936	5.735e-01	3.675e-02
495763	rs7931563	0.9564	0.37494	0.62506	7.828e-05	4.102e-01
495930	rs7934431	0.9997	0.43491	0.56509	7.322e-01	4.951e-01
496321	rs7940261	0.9982	0.00128	0.99872	1.597e-01	1.108e-01
496469	rs7942897	0.9978	0.05130	0.94870	1.347e-01	7.248e-01
496609	rs7945278	0.9984	0.43486	0.56514	6.043e-01	3.492e-01
496730	rs7947046	0.9990	0.08454	0.91546	8.386e-04	2.038e-03
497021	rs7951859	0.9995	0.74009	0.25991	6.534e-01	6.395e-01
514301	rs882169	0.9996	0.58417	0.41583	1.623e-01	6.451e-01
514520	rs883724	0.9997	0.85498	0.14502	3.312e-01	2.692e-02
515025	rs887646	0.9999	0.97777	0.02223	5.030e-01	4.088e-01
517182	rs907638	0.9991	0.34790	0.65210	3.993e-02	3.585e-01
540873	rs9651726	0.4172	0.10793	0.89207	6.300e-01	9.098e-01
540874	rs9651727	0.9929	0.99970	0.00030	2.981e-02	7.485e-02
541918	rs968567	0.8724	0.88334	0.11666	0.000e+00	0.000e+00
557358	rs11231017	0.9982	0.39042	0.60958	2.064e-03	5.761e-01
559275	rs12795611	0.9997	0.77402	0.22598	8.863e-01	4.500e-01
563046	rs441938	0.9989	0.67382	0.32618	1.318e-01	3.668e-01
563802	rs579383	0.9725	0.54840	0.45160	1.253e-02	1.889e-08
565166	rs7482316	0.9997	0.89035	0.10965	1.342e-01	9.374e-01
572588	rs174592	0.9997	0.63861	0.36139	9.215e-02	8.888e-02
578761	rs28940273	0.9948	0.00000	1.00000	1.000e+00	5.217e-01
578762	rs28940274	0.9778	0.00000	1.00000	1.000e+00	NA
578778	rs28940570	0.9978	0.99999	0.00001	1.000e+00	4.206e-01
578826	rs28941469	0.9988	0.00000	1.00000	1.000e+00	4.708e-01
585300	rs7109277	0.9957	0.26592	0.73408	8.679e-01	7.777e-04
591535	rs28940275	0.9990	1.00000	0.00000	1.000e+00	5.231e-01
591536	rs28940276	0.9998	0.00000	1.00000	1.000e+00	4.747e-01
594625	rs12800538	0.9995	0.26067	0.73933	1.609e-01	5.552e-01
597104	rs2232940	0.9951	0.99942	0.00058	6.078e-03	4.200e-38
597943	rs2727267	0.9993	0.06945	0.93055	1.076e-01	7.511e-01
606139	rs174602	0.9991	0.20265	0.79735	1.731e-01	7.696e-02
606470	rs1805142	0.9589	0.00033	0.99967	4.299e-02	5.131e-80
606646	rs2260655	0.9981	0.99165	0.00835	7.829e-01	1.078e-01
608704	rs174548	1.0000	0.70148	0.29852	3.155e-01	1.873e-02
608881	rs174568	1.0000	0.67121	0.32879	5.909e-02	1.168e-01
608989	rs174575	1.0000	0.74414	0.25586	1.871e-02	1.797e-01
610610	rs6632	0.9938	0.99558	0.00442	5.392e-01	5.992e-01
610838	rs7607	0.9999	0.85072	0.14928	5.174e-01	9.823e-01
612007	rs17702	0.9995	0.86288	0.13712	3.554e-01	9.979e-01
613352	rs108499	0.9994	0.68063	0.31937	2.688e-01	6.222e-01
615049	rs174448	0.9918	0.63939	0.36061	9.749e-01	1.893e-01
615050	rs174455	0.9997	0.64409	0.35591	2.962e-01	1.251e-01
615051	rs174472	0.9992	0.58067	0.41933	7.526e-03	8.119e-01
615052	rs174477	0.8740	0.13492	0.86508	1.421e-24	0.000e+00
615055	rs174535	0.9995	0.33672	0.66328	1.375e-01	5.004e-01
615056	rs174538	0.9912	0.29867	0.70133	5.413e-01	5.058e-02
615057	rs174547	0.9989	0.33075	0.66925	1.012e-01	1.283e-01
615058	rs174550	0.9997	0.33064	0.66936	1.082e-01	1.458e-01
615059	rs174577	0.9948	0.33876	0.66124	2.839e-01	6.041e-01
615060	rs174583	0.9982	0.65790	0.34210	7.388e-01	4.770e-01
615061	rs174593	0.9971	0.26442	0.73558	5.959e-01	1.312e-01
615062	rs174618	0.9997	0.43806	0.56194	3.325e-01	2.085e-01
615812	rs195157	0.9995	0.90806	0.09194	9.482e-01	5.115e-01
616005	rs198430	0.9998	0.24998	0.75002	1.494e-02	5.997e-02
616006	rs198437	0.9978	0.51439	0.48561	4.601e-01	3.998e-01
616007	rs198444	0.9993	0.43256	0.56744	2.856e-01	1.266e-01
616008	rs198450	0.9834	0.34099	0.65901	2.456e-21	1.125e-01
616009	rs198476	0.9998	0.50151	0.49849	5.094e-03	6.802e-01
616021	rs198738	0.9998	0.99893	0.00107	1.000e+00	1.538e-01
616022	rs198750	0.9998	0.87991	0.12009	8.912e-01	1.980e-02
619151	rs259885	0.9997	0.40843	0.59157	5.928e-01	5.852e-01
624473	rs384124	0.9996	0.00037	0.99963	1.000e+00	8.360e-01
624871	rs398853	0.9945	0.27943	0.72057	8.554e-04	3.271e-01
628801	rs522090	0.9984	0.90107	0.09893	6.192e-01	4.050e-01
630519	rs566009	0.9996	0.00036	0.99964	1.000e+00	4.931e-01
631093	rs580089	0.9781	0.07734	0.92266	4.047e-20	1.601e-125
632902	rs628993	0.9969	0.11211	0.88789	1.615e-01	2.777e-02
633712	rs650436	0.9994	0.55674	0.44326	3.915e-01	2.858e-01
638570	rs751984	0.9809	0.11414	0.88586	7.404e-02	2.203e-06
643449	rs872456	0.9563	0.05369	0.94631	2.446e-56	8.913e-93
645550	rs907637	0.9986	0.00081	0.99919	1.000e+00	2.591e-01
646348	rs921635	0.9995	0.13850	0.86150	3.879e-01	9.996e-01
648219	rs954237	0.9996	0.66364	0.33636	5.761e-02	9.114e-01
652939	rs1037448	0.9995	0.87060	0.12940	5.854e-01	9.562e-01
670915	rs1528726	0.9995	0.80468	0.19532	2.038e-01	5.024e-01
670916	rs1528727	0.9997	0.41119	0.58881	6.091e-01	2.317e-01
670917	rs1528730	0.9997	0.11850	0.88150	1.471e-02	9.731e-01
675562	rs1675066	0.9995	0.00017	0.99983	1.000e+00	6.973e-01
675563	rs1675084	0.9998	0.99813	0.00187	2.891e-01	8.375e-01
675564	rs1675123	0.9993	0.83985	0.16015	2.797e-01	9.809e-02
675565	rs1675126	0.9998	0.91499	0.08501	1.423e-02	3.368e-01
675566	rs1675131	0.9986	0.31162	0.68838	7.166e-03	7.819e-02
675567	rs1675133	0.9984	0.31459	0.68541	3.246e-02	2.040e-01
676567	rs1729374	0.9999	0.26948	0.73052	2.895e-03	5.706e-01
677906	rs1792876	0.9785	0.26846	0.73154	2.920e-19	1.629e-04
677907	rs1792888	0.9999	0.09747	0.90253	2.869e-02	6.099e-02
677908	rs1792903	0.9999	0.00163	0.99837	1.955e-01	4.193e-01
677909	rs1792942	0.9995	0.63719	0.36281	2.652e-04	5.942e-01
677910	rs1792948	0.9998	0.33678	0.66322	9.239e-02	1.353e-02
678422	rs1805141	0.9998	0.00000	1.00000	1.000e+00	5.320e-01
688541	rs2047274	0.9994	0.00013	0.99987	1.000e+00	8.253e-01
689909	rs2071213	0.9995	0.67516	0.32484	2.798e-02	3.112e-01
694443	rs2178260	0.9996	0.56482	0.43518	5.735e-02	4.703e-01
696617	rs2230356	0.9991	0.10629	0.89371	1.647e-01	5.378e-01
696844	rs2232932	0.9996	0.00246	0.99754	3.960e-02	5.644e-01
696845	rs2232937	0.9991	0.39239	0.60761	5.918e-03	7.119e-01
696846	rs2232947	0.9754	0.99941	0.00059	1.000e+00	3.593e-01
696847	rs2232949	0.9996	0.41978	0.58022	2.937e-01	1.944e-01
696848	rs2232951	0.9998	0.00043	0.99957	1.000e+00	7.656e-01
697327	rs2238003	0.9992	0.75236	0.24764	1.041e-09	4.693e-01
698909	rs2264278	0.9989	0.05029	0.94971	1.503e-01	2.815e-01
699914	rs2276427	0.9992	0.00015	0.99985	1.000e+00	5.091e-01
702602	rs2302360	0.9977	0.18056	0.81944	2.955e-04	7.061e-01
707097	rs2429864	0.9998	0.99987	0.00013	1.000e+00	5.552e-01
707773	rs2453712	0.9992	0.89929	0.10071	5.969e-01	3.057e-01
708090	rs2463835	0.9997	0.01030	0.98970	1.314e-01	2.385e-01
709575	rs2511345	0.9998	0.80348	0.19652	3.720e-01	5.921e-01
709637	rs2512809	0.9990	0.01919	0.98081	5.017e-01	4.036e-01
709638	rs2512811	0.9997	0.99673	0.00327	1.000e+00	1.113e-02
709684	rs2513747	0.9969	0.88160	0.11840	8.965e-01	9.405e-01
709685	rs2513749	0.9995	0.11834	0.88166	3.456e-02	9.701e-01
710029	rs2521572	0.9977	0.95984	0.04016	8.535e-01	1.069e-02
713987	rs2668897	0.9940	0.07525	0.92475	2.660e-08	3.107e-06
715749	rs2727270	0.9992	0.88010	0.11990	3.965e-01	7.067e-01
720690	rs2860519	0.9993	0.85077	0.14923	4.766e-01	9.868e-01
721948	rs2903825	0.9995	0.85666	0.14334	3.169e-01	4.665e-02
722594	rs2926519	0.9998	0.99937	0.00063	1.000e+00	3.801e-01
722595	rs2926520	0.9999	0.95398	0.04602	1.016e-01	3.735e-01
723032	rs2943806	0.9997	0.86285	0.13715	3.676e-01	9.985e-01
723033	rs2943813	0.9417	0.77987	0.22013	2.402e-15	1.863e-148
723344	rs2958532	0.9994	0.27566	0.72434	2.675e-01	4.722e-01
725000	rs3018572	0.9995	0.00000	1.00000	1.000e+00	6.808e-01
725002	rs3018736	0.9994	0.09675	0.90325	2.034e-01	2.963e-02
725015	rs3019198	0.9998	0.85074	0.14926	5.500e-01	9.819e-01
725033	rs3019624	0.9988	0.77219	0.22781	3.547e-01	5.272e-01
728765	rs3741245	0.9998	0.26499	0.73501	8.110e-02	3.838e-01
728766	rs3741255	0.9995	0.15459	0.84541	1.312e-04	6.406e-01
728767	rs3741264	0.9997	0.00002	0.99998	1.000e+00	2.073e-01
728768	rs3741265	0.9845	0.86689	0.13311	3.448e-20	2.660e-23
730218	rs3758977	0.9996	0.34901	0.65099	3.947e-01	7.911e-01
731511	rs3781966	0.9998	0.34376	0.65624	3.199e-03	7.310e-01
731512	rs3781968	0.9979	0.00505	0.99495	2.743e-01	1.790e-05
734565	rs3834458	0.9997	0.32859	0.67141	1.382e-01	9.347e-02
735154	rs3855281	0.9995	0.40422	0.59578	4.735e-01	5.038e-01
735463	rs3862736	0.9997	0.95300	0.04700	7.015e-01	1.541e-01
735705	rs3888134	0.9996	0.99976	0.00024	1.000e+00	1.648e-03
741415	rs4340061	0.9995	0.99971	0.00029	1.000e+00	6.578e-01
743808	rs4453253	0.9988	0.99748	0.00252	1.000e+00	2.541e-01
761462	rs4939513	0.9988	0.12886	0.87114	7.719e-01	6.743e-01
761463	rs4939517	0.9998	0.12967	0.87033	5.806e-01	9.817e-01
762551	rs4963488	0.9999	0.03824	0.96176	8.828e-01	6.531e-01
799999	rs7102974	0.9949	0.98504	0.01496	4.514e-01	3.517e-01
800096	rs7104849	0.9998	0.88303	0.11697	4.678e-01	9.936e-01
800434	rs7111608	0.9997	0.87172	0.12828	7.505e-01	5.267e-01
800617	rs7115654	0.9991	0.94660	0.05340	8.162e-01	3.342e-02
800627	rs7115826	0.9999	0.05397	0.94603	9.295e-01	2.805e-02
801389	rs7131292	0.9995	1.00000	0.00000	1.000e+00	7.202e-01
829901	rs7927548	0.9998	0.09895	0.90105	7.844e-01	7.155e-01
829965	rs7929235	0.9998	0.99913	0.00087	1.000e+00	1.485e-01
830262	rs7935835	0.9963	0.33531	0.66469	2.040e-02	6.292e-01
830468	rs7940889	0.9999	0.99923	0.00077	1.000e+00	5.306e-01
830522	rs7941992	0.9997	0.43504	0.56496	4.167e-02	3.506e-01
853980	rs9735635	0.9997	0.14332	0.85668	2.390e-01	3.471e-02
869550	rs10160397	0.9995	0.39434	0.60566	7.621e-01	4.819e-01
877120	rs10466667	0.9997	0.99957	0.00043	5.433e-02	1.041e-01
879088	rs10501334	0.9987	0.00055	0.99945	1.000e+00	3.126e-01
879091	rs10501388	0.9998	0.40318	0.59682	4.414e-01	4.418e-01
879092	rs10501390	0.9998	0.99982	0.00018	1.000e+00	5.891e-01
881884	rs10750972	0.9972	0.15506	0.84494	3.556e-01	1.929e-01
884217	rs10792312	0.9976	0.98906	0.01094	6.605e-01	1.043e-01
884218	rs10792324	0.9797	0.25756	0.74244	6.062e-01	4.867e-11
889847	rs10897167	0.9966	0.95272	0.04728	7.176e-01	7.188e-02
889848	rs10897207	0.9983	0.36278	0.63722	9.159e-01	5.605e-01
889849	rs10897213	0.9994	0.41610	0.58390	5.199e-01	6.488e-01
889850	rs10897267	0.9994	0.43498	0.56502	5.355e-02	4.328e-01
904314	rs11230666	0.9999	0.99673	0.00327	1.000e+00	1.337e-02
904315	rs11230670	0.9996	0.00000	1.00000	1.000e+00	4.302e-01
904316	rs11230672	0.9984	0.00017	0.99983	1.000e+00	5.959e-01
904317	rs11230687	0.9991	0.00044	0.99956	1.000e+00	2.532e-01
904318	rs11230689	0.9996	0.03277	0.96723	3.436e-01	2.414e-01
904319	rs11230700	0.9997	0.99985	0.00015	6.963e-03	1.114e-01
904320	rs11230712	0.9998	0.00016	0.99984	1.000e+00	7.472e-02
904321	rs11230715	0.9988	0.03343	0.96657	1.618e-01	4.872e-01
904322	rs11230781	0.9962	0.51304	0.48696	2.448e-01	1.631e-01
904323	rs11230822	0.9998	0.00190	0.99810	3.023e-01	4.055e-01
904324	rs11230827	0.9999	0.02858	0.97142	5.659e-02	8.270e-01
904325	rs11230849	0.9797	0.92452	0.07548	6.023e-32	4.697e-43
904327	rs11230889	0.9936	0.83108	0.16892	3.392e-03	7.278e-01
907799	rs11602047	0.9995	0.30096	0.69904	3.447e-01	6.276e-01
907927	rs11605994	0.9997	0.75856	0.24144	1.428e-01	6.769e-03
907956	rs11606620	0.9997	0.56543	0.43457	5.762e-01	3.439e-01
907974	rs11607063	0.9996	0.79666	0.20334	4.251e-01	5.182e-01
916443	rs11820517	0.9952	0.98208	0.01792	8.722e-02	2.972e-05
916485	rs11821768	0.9990	0.99998	0.00002	1.000e+00	2.807e-01
916586	rs11824690	0.9948	0.73593	0.26407	9.505e-06	8.456e-01
916606	rs11825715	0.9989	0.99998	0.00002	1.000e+00	5.773e-01
916669	rs11827662	0.9998	0.99956	0.00044	1.000e+00	2.503e-01
929631	rs12226294	0.9987	0.99993	0.00007	1.000e+00	2.044e-02
930890	rs12272456	0.9993	0.99843	0.00157	5.291e-01	9.415e-01
931013	rs12277563	0.9998	0.54949	0.45051	1.745e-01	9.849e-01
931103	rs12280611	0.9998	0.00026	0.99974	1.000e+00	6.407e-01
931397	rs12290587	0.9998	0.99958	0.00042	1.000e+00	5.355e-01
931476	rs12293403	0.9985	0.07892	0.92108	3.044e-02	4.594e-01
940260	rs12575056	0.9995	0.10260	0.89740	1.491e-01	1.291e-02
946256	rs12786494	0.9995	0.35061	0.64939	9.557e-01	5.083e-01
946363	rs12793099	0.9997	0.00000	1.00000	1.000e+00	5.977e-01
946376	rs12793785	0.9990	0.19445	0.80555	9.348e-05	7.699e-01
946478	rs12800927	0.9986	0.82415	0.17585	2.409e-01	6.770e-01
946544	rs12805182	0.9999	0.08486	0.91514	1.119e-02	1.585e-01
946569	rs12807005	0.8728	0.01715	0.98285	8.465e-02	1.906e-07
957769	rs13377318	0.9989	0.00018	0.99982	1.000e+00	1.973e-01
981774	rs17156442	0.9996	0.95117	0.04883	4.138e-01	3.615e-02
981775	rs17156506	0.9995	0.00090	0.99910	2.194e-01	6.117e-01
981789	rs17156751	0.9999	0.96180	0.03820	1.045e-01	5.160e-02
981801	rs17157079	0.9963	0.73305	0.26695	1.244e-03	4.574e-01
981804	rs17157147	0.9927	0.26536	0.73464	1.366e-04	5.835e-01
990861	rs17709552	0.9996	0.88216	0.11784	6.792e-02	6.565e-01
991848	rs17764288	0.9975	0.01040	0.98960	3.520e-03	1.619e-01
992943	rs17827816	0.9816	0.62850	0.37150	1.415e-37	1.109e-05
995203	rs28720291	0.9996	0.99061	0.00939	8.842e-02	1.049e-01
995204	rs28720326	0.9997	0.99993	0.00007	1.000e+00	3.791e-01
995307	rs28756969	0.9988	0.00493	0.99507	1.000e+00	2.010e-02
999776	rs57132800	0.9976	0.99999	0.00001	1.000e+00	1.785e-01
1001956	i5900841	0.9955	1.00000	0.00000	1.000e+00	6.197e-01
1001957	rs62635777	0.9897	0.00058	0.99942	3.533e-18	2.034e-38
1001959	rs62635780	0.9981	0.99999	0.00001	1.000e+00	6.478e-01
1002053	rs62637039	0.9975	0.99998	0.00002	1.000e+00	6.766e-04
1002054	rs62637040	0.9731	0.99999	0.00001	1.000e+00	7.958e-01
1002056	rs62637042	0.9340	0.00022	0.99978	1.000e+00	3.192e-06
1002057	rs62637043	0.9960	0.00000	1.00000	1.000e+00	5.998e-01
1002058	rs62637044	0.9363	0.99999	0.00001	1.000e+00	5.418e-02
1002062	rs62637048	0.9996	0.00000	1.00000	1.000e+00	NA
1002064	rs62637050	0.9999	0.99997	0.00003	1.000e+00	7.214e-01
1002065	rs62637051	0.9999	0.00001	0.99999	1.000e+00	4.400e-01
1002067	rs62637053	0.9969	0.00001	0.99999	1.000e+00	7.697e-01
1002068	rs62637056	0.9999	0.99997	0.00003	1.000e+00	1.456e-04
1002071	rs62637338	0.9977	1.00000	0.00000	1.000e+00	5.602e-01
1002073	rs62637340	0.9990	1.00000	0.00000	1.000e+00	6.047e-01
1002074	rs62637341	0.9980	0.00000	1.00000	1.000e+00	7.013e-01
1002075	rs62637342	0.9905	0.00000	1.00000	1.000e+00	5.648e-01
1002077	rs62637344	0.9995	0.00000	1.00000	1.000e+00	6.319e-01
1002079	rs62637346	0.9998	1.00000	0.00000	1.000e+00	5.760e-01
1002081	rs62637348	0.9988	1.00000	0.00000	1.000e+00	5.401e-01
1002083	rs62637350	0.9995	0.00000	1.00000	1.000e+00	4.548e-08
1002084	rs62637352	0.9967	0.00000	1.00000	1.000e+00	6.864e-01
1002088	rs62637357	0.9999	0.00000	1.00000	1.000e+00	NA
1002093	rs62638170	0.9996	1.00000	0.00000	3.745e-06	5.814e-01
1002094	rs62638173	0.8936	0.00002	0.99998	1.000e+00	2.695e-03
1002095	rs62638174	0.9562	0.00001	0.99999	1.000e+00	4.094e-04
1002097	rs62638178	0.9999	0.99999	0.00001	1.000e+00	4.005e-03
1002165	rs62639260	0.9950	0.00000	1.00000	1.000e+00	5.612e-01
1002166	rs62639261	0.9998	1.00000	0.00000	1.000e+00	4.520e-01
1002168	rs62639263	0.9999	0.00000	1.00000	1.000e+00	5.282e-01
1002169	rs62639265	0.9905	0.00001	0.99999	1.000e+00	2.889e-02
1002171	rs62639269	0.9715	0.99992	0.00008	2.944e-06	3.224e-30
1002175	rs62639274	0.9997	0.00000	1.00000	1.000e+00	3.073e-01
1002177	rs62639276	0.9971	0.00001	0.99999	1.000e+00	1.937e-01
1002179	rs62639278	0.9986	0.00000	1.00000	1.000e+00	4.570e-01
1002180	rs62639279	0.9992	1.00000	0.00000	1.000e+00	6.839e-01
1002181	rs62639280	0.7373	0.99995	0.00005	1.000e+00	9.657e-18
1002182	rs62639339	0.9278	0.00000	1.00000	1.000e+00	NA
1002183	rs62639340	0.9999	0.00000	1.00000	1.000e+00	NA
1002184	rs62639341	0.9999	1.00000	0.00000	1.000e+00	NA
1002186	rs62639343	0.9594	0.00001	0.99999	1.000e+00	9.005e-02
1002189	rs62639346	0.9993	1.00000	0.00000	1.000e+00	5.275e-01
1002190	rs62639347	0.9996	0.00000	1.00000	1.000e+00	7.342e-01
1002193	rs62639351	0.9921	0.99999	0.00001	1.000e+00	3.511e-02
1002194	rs62639353	0.9790	0.99998	0.00002	1.000e+00	7.419e-02
1002195	rs62639354	0.7723	0.99982	0.00018	1.000e+00	5.370e-12
1002197	rs62639356	0.9987	0.99817	0.00183	1.000e+00	1.944e-01
1002198	rs62639357	0.9985	0.99999	0.00001	1.000e+00	3.446e-01
1002199	rs62639358	0.9855	0.99989	0.00011	1.000e+00	7.305e-32
1002203	rs62640564	0.9997	0.00000	1.00000	1.000e+00	4.557e-01
1002207	rs62640568	0.9997	1.00000	0.00000	1.000e+00	5.028e-01
1002208	rs62640569	1.0000	0.00086	0.99914	1.000e+00	5.885e-01
1005621	rs267606678	0.8321	0.99161	0.00839	3.310e-07	0.000e+00
1005622	rs267606677	0.9997	1.00000	0.00000	1.000e+00	6.591e-01
1005623	rs267606676	0.9999	0.00001	0.99999	1.000e+00	8.998e-01
1005625	rs121918291	0.9994	1.00000	0.00000	1.000e+00	5.024e-01
1005628	rs121918288	0.9993	0.00003	0.99997	1.000e+00	7.336e-01
1005629	rs121918287	0.9997	0.00000	1.00000	1.000e+00	7.584e-01
1005630	rs121918286	0.9994	1.00000	0.00000	1.000e+00	2.622e-06
1005632	rs121918284	0.9357	0.00014	0.99986	1.000e+00	2.832e-25
1005633	rs28940278	0.9999	0.00001	0.99999	1.000e+00	1.504e-02
1048048	rs174479	0.9941	0.84011	0.15989	1.623e-01	5.988e-01
1048049	rs174549	0.9997	0.29177	0.70823	6.995e-01	3.434e-03
1048190	rs372637	0.9920	0.19360	0.80640	1.047e-01	9.619e-01
1061239	rs75523636	0.9894	0.04165	0.95835	9.022e-01	1.293e-01
1065367	rs79969098	0.9783	0.05320	0.94680	6.474e-01	6.625e-01
1069773	rs117110139	0.9996	0.03220	0.96780	6.758e-01	2.850e-01
1074819	rs142276858	0.9982	0.00004	0.99996	1.000e+00	6.933e-01
1105280	i6027412	0.9990	0.00003	0.99997	1.000e+00	1.979e-01
1105284	i6027419	0.9778	0.99996	0.00004	1.138e-04	9.146e-01
1105285	i6027420	0.9971	0.00000	1.00000	1.000e+00	NA
1105286	i6027421	0.9960	0.00001	0.99999	1.000e+00	8.286e-01
1105288	i6027423	0.9995	0.99999	0.00001	1.000e+00	8.261e-01
1129895	rs200611012	0.9321	0.00150	0.99850	1.000e+00	5.429e-08
1129897	rs146264153	0.9997	0.99998	0.00002	1.000e+00	8.130e-01
1129898	rs200978612	0.9889	0.99994	0.00006	1.000e+00	9.021e-01
1129900	rs144191864	0.9800	0.99992	0.00008	1.000e+00	7.975e-03
1129901	rs150166752	0.9944	0.00001	0.99999	1.000e+00	6.820e-01
1129902	rs139064953	0.9967	0.99964	0.00036	1.000e+00	9.067e-01
1129903	rs200584919	0.9974	0.99999	0.00001	1.000e+00	8.285e-01
1129904	rs199544876	0.9999	1.00000	0.00000	1.000e+00	NA
