exposure	cancer	instrument	b_exp_sd	b_exp_lci	b_exp_uci	or_can_ea	or_canc_ea_lci	or_can_ea_uci	or_can_exp	or_can_exp_lci	or_can_exp_uci	unit_value	unit	method	sd_value_opengwas	source_sd_value	unit_sd_value_opengwas	FAMRC_id	scale_factor	ln_or_can_exp	se_can_exp	ln_or_can_exp_sd	se_can_exp_sd	or_can_exp_sd	lci_can_exp_sd	uci_can_exp_sd	lnor_decon	se_decon	or_decon	lci_decon	uci_decon	lnor_can_ea	se_can_ea	p_diff	lnor_decon_expected	se_decon_expected	or_decon_expected	lci_decon_expected	uci_decon_expected
Height	colorectal cancer	rs174546	0.012	0.007	0.018	1.064	1.045	1.083	1.04	1	1.08	1	sd	Two-sample maximum likelihood (random)	6.99	OpenGWAS (ieu-a-89)	cm	60	1	0.0392207131532813	0.0196329186571756	0.0392207131532813	0.0196329186571756	1.04	1.00074046659535	1.08079970392298	0.000470648557839376	0.000235595023886107	1.00047075933025	1.00000888235047	1.00093284963848	0.0620353909194527	0.00911175576583655	1.43456837206122e-11	5.16961590995439	0.759312980486379	175.847283320384	39.7004478386913	778.889628066695
Platelet count	colorectal cancer	rs174546	-0.029	-0.04	-0.019	1.064	1.045	1.083	NA	NA	NA	NA	NA	NA	5993.4	OpenGWAS (ieu-a-1008)	100x10^9/l	60	NA	NA	NA	NA	NA	NA	NA	NA	NA	NA	NA	NA	NA	0.0620353909194527	0.00911175576583655	NA	-2.13915141101561	-0.314198474684019	0.117754725999331	0.217986444213153	0.0636102650567519
LDL cholesterol	colorectal cancer	rs174546	0.012	0.007	0.018	1.064	1.045	1.083	1.14	1.04	1.25	1	sd	Two-sample maximum likelihood	NA	NA	NA	60	1	0.131028262406404	0.0469190913675838	0.131028262406404	0.0469190913675838	1.14	1.03983998769041	1.24980767751252	0.00157233914887685	0.000563029096411005	1.0015735759222	1.0004689120248	1.00267945952999	0.0620353909194527	0.00911175576583655	3.51773730691286e-11	5.16961590995439	0.759312980486379	175.847283320384	39.7004478386913	778.889628066695
Triglycerides	colorectal cancer	rs174546	-0.046	-0.053	-0.039	1.064	1.045	1.083	0.93	0.84	1.04	1	sd	Two-sample Maximum likelihood, random	NA	NA	NA	60	1	-0.0725706928348354	0.0544831888515457	-0.0725706928348354	0.0544831888515457	0.93	0.835806841873813	1.03480847089139	0.00333825187040243	-0.0025062266871711	1.00334383003856	1.00828458498567	0.998427285577073	0.0620353909194527	0.00911175576583655	5.25676790585162e-10	-1.34859545477071	-0.198081647083403	0.259604631144743	0.382756819883839	0.176076717672206
Total cholesterol	colorectal cancer	rs174546	0.045	0.039	0.052	1.064	1.045	1.083	1.09	1.01	1.18	1	sd	Two-sample Maximum likelihood, random	NA	NA	NA	60	1	0.0861776962410524	0.0396847213327564	0.0861776962410524	0.0396847213327564	1.09	1.00843098467246	1.17816689298366	0.00387799633084736	0.00178581245997404	1.00388552548815	1.00037787528618	1.00740547465259	0.0620353909194527	0.00911175576583655	3.76398788908138e-10	1.3785642426545	0.202483461463034	3.96919872825485	2.66898075061305	5.90282958794707
HDL cholesterol	colorectal cancer	rs174546	0.038	0.031	0.045	1.064	1.045	1.083	1.03	0.92	1.14	1	sd	Two-sample Maximum likelihood, random	NA	NA	NA	60	1	0.0295588022415444	0.0546963957513916	0.0295588022415444	0.0546963957513916	1.03	0.925291798451009	1.14655722851538	0.00112323448517869	0.00207846303855288	1.00112386554929	0.997053795533345	1.00521054998464	0.0620353909194527	0.00911175576583655	7.14449082355659e-11	1.63251028735402	0.239783046469383	5.11670300530569	3.1980316663123	8.18648855803656
Heart rate	colorectal cancer	rs174546	-0.029	-0.039	-0.02	1.064	1.045	1.083	NA	NA	NA	NA	NA	NA	NA	NA	NA	60	NA	NA	NA	NA	NA	NA	NA	NA	NA	NA	NA	NA	NA	0.0620353909194527	0.00911175576583655	NA	-2.13915141101561	-0.314198474684019	0.117754725999331	0.217986444213153	0.0636102650567519
Age at menopause	colorectal cancer	rs174546	0.019	0.009	0.03	1.064	1.045	1.083	1	0.95	1.05	1	year	Two-sample Weighted median	3.93	OpenGWAS (ieu-a-1004)	years	60	0.254452926208651	0	0.0255314945298425	0	0.100338773502281	1	0.821466602958118	1.21733494264889	0	0.00190643669654334	1	0.996270356536887	1.00374360577793	0.0620353909194527	0.00911175576583655	2.66509219454321e-11	3.26502057470804	0.479566092938766	26.1806496445043	10.2274065387362	67.0185949108636
Height	lung cancer	rs174546	0.012	0.007	0.018	1.033	1.008	1.059	1.1	1	1.22	10	cm	Two-sample IVW fixed	6.99	OpenGWAS (ieu-a-89)	cm	75	1.43061516452074	0.0953101798043249	0.0507272598839707	0.0666218156832231	0.0354583546588955	1.06889116385224	0.997127573884708	1.14581960231049	0.000799461788198678	0.000425500255906746	1.00079978144295	0.999965481882385	1.0016347770833	0.0324671901375014	0.0125910451454318	0.0119484095827371	2.70559917812512	1.04925376211931	14.963279674907	1.91374451975796	116.995626280254
Platelet count	lung cancer	rs174546	-0.029	-0.04	-0.019	1.033	1.008	1.059	1.62	1.15	2.27	1e+11	L^-1	Two-sample IVW	5993.4	OpenGWAS (ieu-a-1008)	100x10^9/l	75	16685020.1888744	0.482426149244293	0.173473951305651	2.89137288288074e-08	1.03969877975529e-08	1.00000002891373	1.00000000853563	1.00000004929183	-8.38498136035416e-10	-3.01512646129034e-10	0.999999999161502	0.999999999752467	0.999999998570537	0.0324671901375014	0.0125910451454318	0.00992033619439672	-1.1195582806035	-0.434173970532129	0.326423950572907	0.764466328532065	0.139381672587499
LDL cholesterol	lung cancer	rs174546	0.012	0.007	0.018	1.033	1.008	1.059	0.9	0.84	0.97	1	sd	Two-sample maximum likelihood	NA	NA	NA	75	1	-0.105360515657826	0.0367076988928748	-0.105360515657826	0.0367076988928748	0.9	0.837522118495429	0.967138636834008	-0.00126432618789392	0.000440492386714498	0.998736472735725	0.997874570664693	0.99959911926423	0.0324671901375014	0.0125910451454318	0.00742025297544747	2.70559917812512	1.04925376211931	14.963279674907	1.91374451975796	116.995626280254
Triglycerides	lung cancer	rs174546	-0.046	-0.053	-0.039	1.033	1.008	1.059	0.98	0.91	1.06	1	sd	Two-sample Likelihood-based	NA	NA	NA	75	1	-0.0202027073175195	0.0389233641824533	-0.0202027073175195	0.0389233641824533	0.98	0.908016706686965	1.05768979020679	0.000929324536605895	-0.00179047475239285	1.00092975649245	1.00444852047163	0.997423319376913	0.0324671901375014	0.0125910451454318	0.013144213722923	-0.705808481250031	-0.273718372726777	0.493709258179907	0.844238306383447	0.288720411961318
Total cholesterol	lung cancer	rs174546	0.045	0.039	0.052	1.033	1.008	1.059	0.94	0.88	1.01	1	sd	Two-sample Likelihood-based	NA	NA	NA	75	1	-0.0618754037180875	0.0351489036640441	-0.0618754037180875	0.0351489036640441	0.94	0.877421966291415	1.00704112040265	-0.00278439316731394	0.00158170066488199	0.997219479660016	0.994132753444089	1.00031578998702	0.0324671901375014	0.0125910451454318	0.00547111623608214	0.721493114166698	0.279801003231817	2.05750300518178	1.18896496083337	3.56050746303307
HDL cholesterol	lung cancer	rs174546	0.038	0.031	0.045	1.033	1.008	1.059	1.01	0.94	1.07	1	sd	Two-sample Likelihood-based	NA	NA	NA	75	1	0.00995033085316809	0.0330444010693629	0.00995033085316809	0.0330444010693629	1.01	0.946658659085961	1.07757953747019	0.000378112572420388	0.00125568724063579	1.00037818406599	0.997919133591362	1.00284329407894	0.0324671901375014	0.0125910451454318	0.0112132024343706	0.854399740460564	0.331343293300836	2.34996336920106	1.22748441686905	4.4988985283191
Heart rate	lung cancer	rs174546	-0.029	-0.039	-0.02	1.033	1.008	1.059	NA	NA	NA	NA	NA	NA	NA	NA	NA	75	NA	NA	NA	NA	NA	NA	NA	NA	NA	NA	NA	NA	NA	0.0324671901375014	0.0125910451454318	NA	-1.1195582806035	-0.434173970532129	0.326423950572907	0.764466328532065	0.139381672587499
Age at menopause	lung cancer	rs174546	0.019	0.009	0.03	1.033	1.008	1.059	NA	NA	NA	NA	NA	NA	3.93	OpenGWAS (ieu-a-1004)	years	75	NA	NA	NA	NA	NA	NA	NA	NA	NA	NA	NA	NA	NA	0.0324671901375014	0.0125910451454318	NA	1.70879948092113	0.662686586601671	5.5223278365868	1.50671799365635	20.2400879681118
Height	basal cell skin cancer	rs174546	0.012	0.007	0.018	1.041	1.018	1.063	NA	NA	NA	NA	NA	NA	6.99	OpenGWAS (ieu-a-89)	cm	1; 135; 70	NA	NA	NA	NA	NA	NA	NA	NA	NA	NA	NA	NA	NA	0.0401817896328318	0.0110344850080306	NA	3.34848246940265	0.91954041733588	28.4595126762195	4.69352195919851	172.566330531498
Platelet count	basal cell skin cancer	rs174546	-0.029	-0.04	-0.019	1.041	1.018	1.063	NA	NA	NA	NA	NA	NA	5993.4	OpenGWAS (ieu-a-1008)	100x10^9/l	1; 135; 70	NA	NA	NA	NA	NA	NA	NA	NA	NA	NA	NA	NA	NA	0.0401817896328318	0.0110344850080306	NA	-1.38557895285627	-0.380499483035537	0.250178916057288	0.527397910949708	0.118676029502832
LDL cholesterol	basal cell skin cancer	rs174546	0.012	0.007	0.018	1.041	1.018	1.063	NA	NA	NA	NA	NA	NA	NA	NA	NA	1; 135; 70	NA	NA	NA	NA	NA	NA	NA	NA	NA	NA	NA	NA	NA	0.0401817896328318	0.0110344850080306	NA	3.34848246940265	0.91954041733588	28.4595126762195	4.69352195919851	172.566330531498
Triglycerides	basal cell skin cancer	rs174546	-0.046	-0.053	-0.039	1.041	1.018	1.063	NA	NA	NA	NA	NA	NA	NA	NA	NA	1; 135; 70	NA	NA	NA	NA	NA	NA	NA	NA	NA	NA	NA	NA	NA	0.0401817896328318	0.0110344850080306	NA	-0.873517165931125	-0.23988010887023	0.417480615407371	0.668076792950912	0.260883278808524
Total cholesterol	basal cell skin cancer	rs174546	0.045	0.039	0.052	1.041	1.018	1.063	NA	NA	NA	NA	NA	NA	NA	NA	NA	1; 135; 70	NA	NA	NA	NA	NA	NA	NA	NA	NA	NA	NA	NA	NA	0.0401817896328318	0.0110344850080306	NA	0.892928658507372	0.245210777956235	2.44227176776492	1.5103109151633	3.94931356698607
HDL cholesterol	basal cell skin cancer	rs174546	0.038	0.031	0.045	1.041	1.018	1.063	NA	NA	NA	NA	NA	NA	NA	NA	NA	1; 135; 70	NA	NA	NA	NA	NA	NA	NA	NA	NA	NA	NA	NA	NA	0.0401817896328318	0.0110344850080306	NA	1.05741551665347	0.290381184421857	2.87892084305066	1.62949213913359	5.08636097192739
Heart rate	basal cell skin cancer	rs174546	-0.029	-0.039	-0.02	1.041	1.018	1.063	NA	NA	NA	NA	NA	NA	NA	NA	NA	1; 135; 70	NA	NA	NA	NA	NA	NA	NA	NA	NA	NA	NA	NA	NA	0.0401817896328318	0.0110344850080306	NA	-1.38557895285627	-0.380499483035537	0.250178916057288	0.527397910949708	0.118676029502832
Age at menopause	basal cell skin cancer	rs174546	0.019	0.009	0.03	1.041	1.018	1.063	NA	NA	NA	NA	NA	NA	3.93	OpenGWAS (ieu-a-1004)	years	1; 135; 70	NA	NA	NA	NA	NA	NA	NA	NA	NA	NA	NA	NA	NA	0.0401817896328318	0.0110344850080306	NA	2.11483103330693	0.580762368843714	8.28818522055155	2.65524463149815	25.8710679367461
Height	overall cancer	rs174546	0.012	0.007	0.018	1.017	1.007	1.028	1.098	1.065	1.132	1	sd	One-sample IVW fixed	6.99	OpenGWAS (ieu-a-89)	cm	140; 33	1	0.093490343087339	0.0155640766886742	0.093490343087339	0.0155640766886742	1.098	1.06501060065396	1.13201126754956	0.00112188411704807	0.00018676892026409	1.00112251366444	1.000756102735	1.00148905874941	0.0168571170664228	0.0052651921674868	0.00282042558085285	1.40475975553523	0.438766013957233	4.07454773613192	1.72422619663406	9.62863183869214
Platelet count	overall cancer	rs174546	-0.029	-0.04	-0.019	1.017	1.007	1.028	NA	NA	NA	NA	NA	NA	5993.4	OpenGWAS (ieu-a-1008)	100x10^9/l	140; 33	NA	NA	NA	NA	NA	NA	NA	NA	NA	NA	NA	NA	NA	0.0168571170664228	0.0052651921674868	NA	-0.581279898842166	-0.181558350602993	0.559182211694963	0.798176497113317	0.391748876353695
LDL cholesterol	overall cancer	rs174546	0.012	0.007	0.018	1.017	1.007	1.028	1	0.99009900990099	1.01010101010101	10	mg/dL	Two-sample IVW fixed effects	38.67459	OpenGWAS (ieu-a-300)	mg/dL	140; 33	0.258567705565851	0	0.00510221089455857	0	0.0197325914440586	1	0.962062483049891	1.03943352705101	0	0.000236791097328703	1	0.999535997131878	1.00046421826673	0.0168571170664228	0.0052651921674868	0.00138201103661438	1.40475975553523	0.438766013957233	4.07454773613192	1.72422619663406	9.62863183869214
Triglycerides	overall cancer	rs174546	-0.046	-0.053	-0.039	1.017	1.007	1.028	0.9	0.8	1.01	1	sd	One-sample 2SLS	NA	NA	NA	140; 33	1	-0.105360515657826	0.0594627250426984	-0.105360515657826	0.0594627250426984	0.9	0.800989487081973	1.01124922744099	0.00484658372026001	-0.00273528535196413	1.00485834740402	1.0102600197432	0.999485556801713	0.0168571170664228	0.0052651921674868	0.0429435120056638	-0.366459066661365	-0.114460699293191	0.693184510258129	0.867520534934794	0.553882871830715
Total cholesterol	overall cancer	rs174546	0.045	0.039	0.052	1.017	1.007	1.028	NA	NA	NA	NA	NA	NA	NA	NA	NA	140; 33	NA	NA	NA	NA	NA	NA	NA	NA	NA	NA	NA	NA	NA	0.0168571170664228	0.0052651921674868	NA	0.374602601476062	0.117004270388596	1.45441331805266	1.15635663622285	1.82929559399466
HDL cholesterol	overall cancer	rs174546	0.038	0.031	0.045	1.017	1.007	1.028	1.07	0.96	1.19	1	sd	One-sample 2SLS	NA	NA	NA	140; 33	1	0.0676586484738149	0.0547896177662483	0.0676586484738149	0.0547896177662483	1.07	0.961049846117614	1.19130137174996	0.00257102864200496	0.00208200547511743	1.00257433657046	0.998491436937705	1.00667393145848	0.0168571170664228	0.0052651921674868	0.0116291758038828	0.443608343853232	0.138557688618074	1.55832004046494	1.18771972829287	2.04455755905054
Heart rate	overall cancer	rs174546	-0.029	-0.039	-0.02	1.017	1.007	1.028	NA	NA	NA	NA	NA	NA	NA	NA	NA	140; 33	NA	NA	NA	NA	NA	NA	NA	NA	NA	NA	NA	NA	NA	0.0168571170664228	0.0052651921674868	NA	-0.581279898842166	-0.181558350602993	0.559182211694963	0.798176497113317	0.391748876353695
Age at menopause	overall cancer	rs174546	0.019	0.009	0.03	1.017	1.007	1.028	NA	NA	NA	NA	NA	NA	3.93	OpenGWAS (ieu-a-1004)	years	140; 33	NA	NA	NA	NA	NA	NA	NA	NA	NA	NA	NA	NA	NA	0.0168571170664228	0.0052651921674868	NA	0.887216687706463	0.277115377236147	2.42836134851465	1.41067815297609	4.18021561227072
