id	rsid	chromosome	pos	other_allele	effect_allele	index	average_maximum_posterior_call	info	cohort_1_AA	cohort_1_AB	cohort_1_BB	cohort_1_NULL	cohort_2_AA	cohort_2_AB	cohort_2_BB	cohort_2_NULL	all_AA	all_AB	all_BB	all_NULL	cases_AA	cases_AB	cases_BB	controls_AA	controls_AB	controls_BB	all_maf	cases_maf	controls_maf	missing_data_proportion	cohort_1_hwe	cohort_2_hwe	cases_hwe	controls_hwe	het_OR	het_OR_lower	het_OR_upper	hom_OR	hom_OR_lower	hom_OR_upper	all_OR	all_OR_lower	all_OR_upper	p	info1	lnor	lnor_se	X	snp_id	rs_id	position	exp_freq_a1	info.1	certainty	type	path_to_target_file	eaf	ID	ncase	ncontrol	pmid	outcome	population	study	UKbiobank	effect_allele_confirmed	open_gwas	efo	efo_id
1	rs2782640	NA	44009033	C	T	300400	1	1	746	2287	1712	0	302	836	661	0	1048	3123	2373	0	302	836	661	746	2287	1712	0.39876	0.40022	0.39821	0	0.71626	0.18477	0.18477	0.71626	0.90297	0.77302	1.0548	0.95374	0.8119	1.1204	0.99164	0.91692	1.0724	0.83388	1	-0.0083724	0.039921	NA	1	rs2782640	44009033	0.611	1	1	2	chrALL_GWAS_NBCS_risico_jan2017_methodscore_4mds_info.out	0.601791359325606	105	1799	4745	21750109	Bladder cancer	European	NBCS	FALSE	TRUE	FALSE	bladder carcinoma	NA
1	rs6658300	NA	44129209	T	C	301265	1	1	413	1963	2369	0	150	712	937	0	563	2675	3306	0	150	712	937	413	1963	2369	0.29042	0.28127	0.29389	0	0.83377	0.38167	0.38167	0.83377	0.99866	0.81308	1.2266	1.089	0.8902	1.3322	1.0635	0.97684	1.158	0.15699	1	0.060832	0.042983	NA	1	rs6658300	44129209	0.707	1	1	2	chrALL_GWAS_NBCS_risico_jan2017_methodscore_4mds_info.out	0.706111696522655	105	1799	4745	21750109	Bladder cancer	European	NBCS	FALSE	TRUE	FALSE	bladder carcinoma	NA
1	rs1931262	NA	96174912	T	C	658988	1	1	1205	2350	1190	0	387	952	460	0	1592	3302	1650	0	387	952	460	1205	2350	1190	0.49557	0.47971	0.50158	0	0.52297	0.012279	0.012279	0.52297	1.2614	1.0998	1.4467	1.2036	1.0286	1.4084	1.0915	1.0108	1.1786	0.024736	1	0.088375	0.039356	NA	1	rs1931262	96174912	0.498	1	1	2	chrALL_GWAS_NBCS_risico_jan2017_methodscore_4mds_info.out	0.498419388830348	105	1799	4745	21750109	Bladder cancer	European	NBCS	FALSE	TRUE	FALSE	bladder carcinoma	NA
1	rs11801576	NA	99425374	T	C	682209	1	1	2655	1798	292	0	957	720	122	0	3612	2518	414	0	957	720	122	2655	1798	292	0.25565	0.26793	0.251	0	0.61576	0.43449	0.43449	0.61576	1.111	0.99153	1.2448	1.1591	0.92665	1.4499	1.0921	1.001	1.1916	0.046251	1	0.089962	0.045137	NA	1	rs11801576	99425374	0.252	1	1	2	chrALL_GWAS_NBCS_risico_jan2017_methodscore_4mds_info.out	0.25100105374078	105	1799	4745	21750109	Bladder cancer	European	NBCS	FALSE	TRUE	FALSE	bladder carcinoma	NA
2	rs6741228	NA	22548774	T	C	178147	1	1	1001	2352	1392	0	390	901	508	0	1391	3253	1900	0	390	901	508	1001	2352	1392	0.46111	0.4672	0.4588	0	0.90692	0.81297	0.81297	0.90692	0.98323	0.85483	1.1309	0.93669	0.80223	1.0937	0.96676	0.89517	1.0441	0.38863	1	-0.033893	0.039314	NA	2	rs6741228	22548774	0.546	1	1	2	chrALL_GWAS_NBCS_risico_jan2017_methodscore_4mds_info.out	0.541201264488936	105	1799	4745	21750109	Bladder cancer	European	NBCS	FALSE	TRUE	FALSE	bladder carcinoma	NA
2	rs12469094	NA	22967228	A	C	181110	1	1	534	2074	2137	0	203	784	812	0	737	2858	2949	0	203	784	812	534	2074	2137	0.33099	0.33074	0.33109	0	0.35898	0.52274	0.52274	0.35898	0.99438	0.8295	1.192	0.99953	0.83431	1.1975	1.0016	0.92312	1.0867	0.97022	1	0.0015435	0.041347	NA	2	rs12469094	22967228	0.67	1	1	2	chrALL_GWAS_NBCS_risico_jan2017_methodscore_4mds_info.out	0.668914646996839	105	1799	4745	21750109	Bladder cancer	European	NBCS	FALSE	TRUE	FALSE	bladder carcinoma	NA
3	rs6778080	NA	49317338	T	C	389849	1	1	390	1944	2411	0	130	730	939	0	520	2674	3350	0	130	730	939	390	1944	2411	0.28377	0.27515	0.28704	0	0.97171	0.47876	0.47876	0.97171	1.1265	0.90773	1.3981	1.1684	0.94487	1.4448	1.0606	0.97356	1.1554	0.1765	1	0.058913	0.043587	NA	3	rs6778080	49317338	0.719	1	1	2	chrALL_GWAS_NBCS_risico_jan2017_methodscore_4mds_info.out	0.712961011591149	105	1799	4745	21750109	Bladder cancer	European	NBCS	FALSE	TRUE	FALSE	bladder carcinoma	NA
3	rs326341	NA	107811142	G	A	809720	1	1	1413	2366	966	0	559	875	365	0	1972	3241	1331	0	559	875	365	1413	2366	966	0.45102	0.44608	0.4529	0	0.68177	0.50438	0.50438	0.68177	0.93481	0.82503	1.0592	0.95509	0.81778	1.1155	0.97283	0.90058	1.0509	0.48406	1	-0.027537	0.03935	NA	3	rs326341	107811142	0.453	1	1	2	chrALL_GWAS_NBCS_risico_jan2017_methodscore_4mds_info.out	0.452897787144362	105	1799	4745	21750109	Bladder cancer	European	NBCS	FALSE	TRUE	FALSE	bladder carcinoma	NA
4	rs624833	NA	2881256	T	G	21047	1	1	2200	2098	447	0	844	792	163	0	3044	2890	610	0	844	792	163	2200	2098	447	0.31403	0.31073	0.31528	0	0.099549	0.24818	0.24818	0.099549	0.98401	0.87806	1.1028	0.95052	0.78125	1.1565	0.97906	0.90123	1.0636	0.61125	1	-0.02176	0.04281	NA	4	rs624833	2881256	0.31	1	1	2	chrALL_GWAS_NBCS_risico_jan2017_methodscore_4mds_info.out	0.315279241306639	105	1799	4745	21750109	Bladder cancer	European	NBCS	FALSE	TRUE	FALSE	bladder carcinoma	NA
5	rs4571506	NA	87756918	C	T	627086	1	1	1408	2343	994	0	545	874	380	0	1953	3217	1374	0	545	874	380	1408	2343	994	0.45576	0.45414	0.45638	0	0.74758	0.39231	0.39231	0.74758	0.96371	0.84983	1.0928	0.98765	0.84659	1.1522	0.99103	0.91753	1.0704	0.81956	1	-0.0089286	0.039141	NA	5	rs4571506	87756918	0.465	1	1	2	chrALL_GWAS_NBCS_risico_jan2017_methodscore_4mds_info.out	0.456375131717597	105	1799	4745	21750109	Bladder cancer	European	NBCS	FALSE	TRUE	FALSE	bladder carcinoma	NA
5	rs4957528	NA	106420589	A	C	752610	1	1	247	1645	2853	0	96	604	1099	0	343	2249	3952	0	96	604	1099	247	1645	2853	0.22425	0.22123	0.2254	0	0.61794	0.27395	0.27395	0.61794	0.94471	0.73316	1.2173	0.99111	0.77513	1.2673	1.0243	0.93399	1.1233	0.61228	1	0.023661	0.046686	NA	5	rs4957528	106420589	0.781	1	1	2	chrALL_GWAS_NBCS_risico_jan2017_methodscore_4mds_info.out	0.774604847207587	105	1799	4745	21750109	Bladder cancer	European	NBCS	FALSE	TRUE	FALSE	bladder carcinoma	NA
6	rs6935954	NA	26255451	A	G	209216	1	1	914	2291	1540	0	350	900	549	0	1264	3191	2089	0	350	900	549	914	2291	1540	0.43697	0.44469	0.43404	0	0.23726	0.5997	0.5997	0.23726	1.0259	0.8871	1.1864	0.93096	0.79564	1.0893	0.95766	0.88644	1.0346	0.26853	1	-0.044039	0.039802	NA	6	rs6935954	26255451	0.577	1	1	2	chrALL_GWAS_NBCS_risico_jan2017_methodscore_4mds_info.out	0.565964172813488	105	1799	4745	21750109	Bladder cancer	European	NBCS	FALSE	TRUE	FALSE	bladder carcinoma	NA
7	rs7779445	NA	32250317	T	C	289006	1	1	2250	2058	437	0	889	737	173	0	3139	2795	610	0	889	737	173	2250	2058	437	0.30677	0.301	0.30896	0	0.29192	0.26267	0.26267	0.29192	0.90636	0.80832	1.0163	1.0019	0.82657	1.2145	0.96316	0.88601	1.047	0.37695	1	-0.037608	0.042566	NA	7	rs7779445	32250317	0.307	1	1	2	chrALL_GWAS_NBCS_risico_jan2017_methodscore_4mds_info.out	0.308956796628029	105	1799	4745	21750109	Bladder cancer	European	NBCS	FALSE	TRUE	FALSE	bladder carcinoma	NA
7	rs10226228	NA	32315613	A	G	289648	1	1	1917	2167	661	0	725	820	254	0	2642	2987	915	0	725	820	254	1917	2167	661	0.36805	0.36909	0.36765	0	0.22336	0.36256	0.36256	0.22336	1.0006	0.8898	1.1251	1.0161	0.85889	1.202	1.0062	0.92929	1.0895	0.87956	1	0.0060955	0.040228	NA	7	rs10226228	32315613	0.369	1	1	2	chrALL_GWAS_NBCS_risico_jan2017_methodscore_4mds_info.out	0.367650158061117	105	1799	4745	21750109	Bladder cancer	European	NBCS	FALSE	TRUE	FALSE	bladder carcinoma	NA
7	rs6962772	NA	99081730	A	G	739767	1	1	3450	1177	118	0	1307	450	42	0	4757	1627	160	0	1307	450	42	3450	1177	118	0.14876	0.14842	0.14889	0	0.15184	0.64124	0.64124	0.15184	1.0092	0.88981	1.1446	0.93953	0.65688	1.3438	0.99623	0.89434	1.1097	0.94581	1	-0.0037063	0.054529	NA	7	rs6962772	99081730	0.156	1	1	2	chrALL_GWAS_NBCS_risico_jan2017_methodscore_4mds_info.out	0.148893572181243	105	1799	4745	21750109	Bladder cancer	European	NBCS	FALSE	TRUE	FALSE	bladder carcinoma	NA
7	rs10282292	NA	111092478	C	T	820892	1	1	598	2186	1961	0	204	835	760	0	802	3021	2721	0	204	835	760	598	2186	1961	0.35338	0.34547	0.35638	0	0.80013	0.27399	0.27399	0.80013	1.1197	0.93732	1.3376	1.1361	0.94927	1.3596	1.049	0.96787	1.137	0.24129	1	0.048259	0.041185	NA	7	rs10282292	111092478	0.638	1	1	2	chrALL_GWAS_NBCS_risico_jan2017_methodscore_4mds_info.out	0.643624868282403	105	1799	4745	21750109	Bladder cancer	European	NBCS	FALSE	TRUE	FALSE	bladder carcinoma	NA
8	rs17730481	NA	9276163	G	A	118370	1	1	2175	2103	467	0	830	807	162	0	3005	2910	629	0	830	807	162	2175	2103	467	0.31846	0.31434	0.32002	0	0.21712	0.090065	0.090065	0.21712	1.0056	0.89729	1.1269	0.90903	0.74739	1.1056	0.97412	0.89693	1.0579	0.48373	1	-0.033098	0.047262	NA	8	rs17730481	9276163	0.313	1	1	2	chrALL_GWAS_NBCS_risico_jan2017_methodscore_4mds_info.out	0.320021074815595	105	1799	4745	21750109	Bladder cancer	European	NBCS	FALSE	TRUE	FALSE	bladder carcinoma	NA
8	rs11780471	NA	27344719	G	A	294545	1	1	4178	550	17	0	1596	198	5	0	5774	748	22	0	1596	198	5	4178	550	17	0.060513	0.05781	0.061538	0	0.90026	0.82954	0.82954	0.90026	0.94241	0.79319	1.1197	0.76994	0.28358	2.0904	0.93569	0.79485	1.1015	0.42318	1	-0.065944	0.082336	NA	8	rs11780471	27344719	0.06	1	1	2	chrALL_GWAS_NBCS_risico_jan2017_methodscore_4mds_info.out	0.0615384615384615	105	1799	4745	21750109	Bladder cancer	European	NBCS	FALSE	TRUE	FALSE	bladder carcinoma	NA
8	rs2062882	NA	91839576	G	A	738986	1	1	1615	2266	864	0	612	873	314	0	2227	3139	1178	0	612	873	314	1615	2266	864	0.41985	0.41718	0.42086	0	0.16166	0.92282	0.92282	0.16166	1.0167	0.90038	1.148	0.95904	0.81792	1.1245	0.98497	0.91124	1.0647	0.70484	1	-0.014913	0.03937	NA	8	rs2062882	91839576	0.427	1	1	2	chrALL_GWAS_NBCS_risico_jan2017_methodscore_4mds_info.out	0.42086406743941	105	1799	4745	21750109	Bladder cancer	European	NBCS	FALSE	TRUE	FALSE	bladder carcinoma	NA
9	rs2841334	NA	128122320	A	G	768545	1	1	183	1490	3072	0	78	580	1141	0	261	2070	4213	0	78	580	1141	183	1490	3072	0.19804	0.20456	0.19557	0	0.88992	0.71705	0.71705	0.88992	0.91327	0.68895	1.2106	0.87141	0.66282	1.1456	0.9454	0.85923	1.0402	0.25023	1	-0.056405	0.049057	NA	9	rs2841334	128122320	0.803	1	1	2	chrALL_GWAS_NBCS_risico_jan2017_methodscore_4mds_info.out	0.804425711275026	105	1799	4745	21750109	Bladder cancer	European	NBCS	FALSE	TRUE	FALSE	bladder carcinoma	NA
9	rs2519765	NA	136494425	T	C	826254	1	1	451	2030	2264	0	168	721	910	0	619	2751	3174	0	168	721	910	451	2030	2264	0.30478	0.29377	0.30896	0	0.91877	0.15534	0.15534	0.91877	0.95347	0.78339	1.1605	1.079	0.88951	1.3089	1.0748	0.98827	1.1689	0.093097	1	0.071195	0.042396	NA	9	rs2519765	136494425	0.698	1	1	2	chrALL_GWAS_NBCS_risico_jan2017_methodscore_4mds_info.out	0.69104320337197	105	1799	4745	21750109	Bladder cancer	European	NBCS	FALSE	TRUE	FALSE	bladder carcinoma	NA
9	rs2007153	NA	136503819	T	C	826340	1	1	676	2254	1815	0	261	832	706	0	937	3086	2521	0	261	832	706	676	2254	1815	0.37897	0.37632	0.37998	0	0.60043	0.54667	0.54667	0.60043	0.95604	0.81186	1.1258	1.0075	0.85234	1.1908	1.0157	0.93837	1.0994	0.69977	1	0.01558	0.040401	NA	9	rs2007153	136503819	0.622	1	1	2	chrALL_GWAS_NBCS_risico_jan2017_methodscore_4mds_info.out	0.620021074815595	105	1799	4745	21750109	Bladder cancer	European	NBCS	FALSE	TRUE	FALSE	bladder carcinoma	NA
10	rs2675638	NA	63576286	G	A	446659	1	1	1823	2194	728	0	684	820	295	0	2507	3014	1023	0	684	820	295	1823	2194	728	0.38661	0.39188	0.38462	0	0.1108	0.067159	0.067159	0.1108	0.99611	0.88436	1.122	1.08	0.9191	1.2691	1.0311	0.95306	1.1155	0.45218	1	0.029803	0.039643	NA	10	rs2675638	63576286	0.394	1	1	2	chrALL_GWAS_NBCS_risico_jan2017_methodscore_4mds_info.out	0.384615384615385	105	1799	4745	21750109	Bladder cancer	European	NBCS	FALSE	TRUE	FALSE	bladder carcinoma	NA
10	rs4948487	NA	63669865	C	A	447372	1	1	1353	2345	1047	0	513	880	406	0	1866	3225	1453	0	513	880	406	1353	2345	1047	0.46844	0.47026	0.46776	0	0.62013	0.44901	0.44901	0.62013	0.98974	0.871	1.1247	1.0227	0.87749	1.192	1.0101	0.93536	1.0908	0.79857	1	0.0099621	0.039038	NA	10	rs4948487	63669865	0.47	1	1	2	chrALL_GWAS_NBCS_risico_jan2017_methodscore_4mds_info.out	0.467755532139094	105	1799	4745	21750109	Bladder cancer	European	NBCS	FALSE	TRUE	FALSE	bladder carcinoma	NA
10	rs12764388	NA	104413385	G	A	738699	1	1	3784	911	50	0	1441	345	13	0	5225	1256	63	0	1441	345	13	3784	911	50	0.10559	0.10311	0.10653	0	0.59408	0.12718	0.12718	0.59408	0.99446	0.86631	1.1416	0.68275	0.36978	1.2606	0.9642	0.85032	1.0933	0.56647	1	-0.036827	0.064243	NA	10	rs12764388	104413385	0.106	1	1	2	chrALL_GWAS_NBCS_risico_jan2017_methodscore_4mds_info.out	0.106533192834563	105	1799	4745	21750109	Bladder cancer	European	NBCS	FALSE	TRUE	FALSE	bladder carcinoma	NA
11	rs6265	NA	27679916	C	T	224923	1	1	3034	1534	177	0	1127	602	70	0	4161	2136	247	0	1127	602	70	3034	1534	177	0.20095	0.20623	0.19895	0	0.33902	0.38741	0.38741	0.33902	1.0565	0.94035	1.187	1.0647	0.8006	1.4158	1.0461	0.9511	1.1506	0.34946	1	0.046096	0.049267	NA	11	rs6265	27679916	0.198	1	1	2	chrALL_GWAS_NBCS_risico_jan2017_methodscore_4mds_info.out	0.198946259220232	105	1799	4745	21750109	Bladder cancer	European	NBCS	FALSE	TRUE	FALSE	bladder carcinoma	NA
11	rs4937993	NA	113004662	A	G	836145	1	1	1045	2351	1349	0	424	866	509	0	1469	3217	1858	0	424	866	509	1045	2351	1349	0.47028	0.47638	0.46797	0	0.72655	0.14286	0.14286	0.72655	0.90785	0.79151	1.0413	0.92994	0.79874	1.0827	0.96682	0.8953	1.0441	0.39245	1	-0.033335	0.03898	NA	11	rs4937993	113004662	0.525	1	1	2	chrALL_GWAS_NBCS_risico_jan2017_methodscore_4mds_info.out	0.532033719704953	105	1799	4745	21750109	Bladder cancer	European	NBCS	FALSE	TRUE	FALSE	bladder carcinoma	NA
14	rs3742365	NA	104198251	T	C	627848	1	1	1637	2276	832	0	603	919	277	0	2240	3195	1109	0	603	919	277	1637	2276	832	0.41358	0.40939	0.41517	0	0.40259	0.019226	0.019226	0.40259	1.0962	0.97146	1.2369	0.90383	0.7664	1.0659	0.97643	0.90317	1.0556	0.54734	1	-0.024014	0.039907	NA	14	rs3742365	104198251	0.408	1	1	2	chrALL_GWAS_NBCS_risico_jan2017_methodscore_4mds_info.out	0.415173867228662	105	1799	4745	21750109	Bladder cancer	European	NBCS	FALSE	TRUE	FALSE	bladder carcinoma	NA
15	rs12912380	NA	47947291	C	T	177348	1	1	3719	958	68	0	1398	376	25	0	5117	1334	93	0	1398	376	25	3719	958	68	0.11614	0.1184	0.11528	0	0.47656	1	1	0.47656	1.0441	0.91298	1.194	0.97803	0.61585	1.5532	1.0307	0.91492	1.1611	0.62013	1	0.030185	0.060898	NA	15	rs12912380	47947291	0.116	1	1	2	chrALL_GWAS_NBCS_risico_jan2017_methodscore_4mds_info.out	0.115279241306639	105	1799	4745	21750109	Bladder cancer	European	NBCS	FALSE	TRUE	FALSE	bladder carcinoma	NA
15	rs12442096	NA	74038773	C	T	364522	1	1	1785	2228	732	0	668	855	276	0	2453	3083	1008	0	668	855	276	1785	2228	732	0.38959	0.39105	0.38904	0	0.40961	0.92121	0.92121	0.40961	1.0254	0.91055	1.1548	1.0075	0.85468	1.1877	1.0085	0.9322	1.091	0.83395	1	0.0083835	0.039989	NA	15	rs12442096	74038773	0.392	1	1	2	chrALL_GWAS_NBCS_risico_jan2017_methodscore_4mds_info.out	0.389041095890411	105	1799	4745	21750109	Bladder cancer	European	NBCS	FALSE	TRUE	FALSE	bladder carcinoma	NA
16	rs889398	NA	69556715	C	T	425028	1	1	1417	2329	999	0	556	872	371	0	1973	3201	1370	0	556	872	371	1417	2329	999	0.45393	0.44858	0.45595	0	0.46451	0.39123	0.39123	0.46451	0.95421	0.84191	1.0815	0.94646	0.8111	1.1044	0.97068	0.89863	1.0485	0.45247	1	-0.029352	0.039069	NA	16	rs889398	69556715	0.441	1	1	2	chrALL_GWAS_NBCS_risico_jan2017_methodscore_4mds_info.out	0.45595363540569	105	1799	4745	21750109	Bladder cancer	European	NBCS	FALSE	TRUE	FALSE	bladder carcinoma	NA
16	rs1050847	NA	87443734	C	T	604485	1	1	804	2219	1722	0	334	869	596	0	1138	3088	2318	0	334	869	596	804	2219	1722	0.40984	0.42718	0.40327	0	0.053522	0.59616	0.59616	0.053522	0.9427	0.81157	1.095	0.83315	0.7114	0.97573	0.90618	0.83839	0.97945	0.014104	1	-0.096569	0.039342	NA	16	rs1050847	87443734	0.569	1	1	2	chrALL_GWAS_NBCS_risico_jan2017_methodscore_4mds_info.out	0.596733403582719	105	1799	4745	21750109	Bladder cancer	European	NBCS	FALSE	TRUE	FALSE	bladder carcinoma	NA
17	rs8614	NA	27588806	C	A	177245	1	1	3228	1387	130	0	1245	500	54	0	4473	1887	184	0	1245	500	54	3228	1387	130	0.1723	0.16898	0.17355	0	0.20574	0.67449	0.67449	0.20574	0.93467	0.82785	1.0553	1.077	0.77895	1.4891	0.96832	0.87433	1.0724	0.53432	1	-0.032401	0.05214	NA	17	rs8614	27588806	0.177	1	1	2	chrALL_GWAS_NBCS_risico_jan2017_methodscore_4mds_info.out	0.173551106427819	105	1799	4745	21750109	Bladder cancer	European	NBCS	FALSE	TRUE	FALSE	bladder carcinoma	NA
18	rs17733784	NA	53719925	T	C	375043	1	1	1716	2257	772	0	649	866	284	0	2365	3123	1056	0	649	866	284	1716	2257	772	0.39998	0.39855	0.40053	0	0.52551	0.88278	0.88278	0.52551	1.0145	0.90019	1.1434	0.97269	0.82615	1.1452	0.99181	0.91706	1.0727	0.83751	1	-0.0081749	0.039861	NA	18	rs17733784	53719925	0.392	1	1	2	chrALL_GWAS_NBCS_risico_jan2017_methodscore_4mds_info.out	0.400526870389884	105	1799	4745	21750109	Bladder cancer	European	NBCS	FALSE	TRUE	FALSE	bladder carcinoma	NA
---	rs4814873	NA	19616429	C	T	153104	0.99564	0.98991	2698.6	1768.2	278.14	0.068	1032.5	640.47	126.01	0.019	3731.1	2408.7	404.15	0.087	1032.5	640.47	126.01	2698.6	1768.2	278.14	0.2458	0.24806	0.24494	0	0.6376	0.057666	0.057666	0.6376	0.94671	0.84354	1.0625	1.1841	0.94806	1.479	1.0169	0.93035	1.1115	0.71133	0.9897	0.016863	0.045567	NA	---	rs4814873	19616429	0.242	0.988	0.995	0	chrALL_GWAS_NBCS_risico_jan2017_methodscore_4mds_info.out	0.244943034053118	105	1799	4745	21750109	Bladder cancer	European	NBCS	FALSE	TRUE	FALSE	bladder carcinoma	NA
---	rs6050215	NA	24948737	C	T	194015	0.9932	0.92511	7.089	308.41	4429.5	0.005	3.911	116.34	1678.7	0	11	424.75	6108.2	0.005	3.911	116.34	1678.7	7.089	308.41	4429.5	0.034134	0.034509	0.033992	0	0.50059	0.45763	0.45763	0.50059	0.68377	0.19535	2.3934	0.68695	0.19962	2.364	0.98448	0.79749	1.2153	0.88083	0.92924	-0.016656	0.1111	NA	---	rs6050215	24948737	0.968	0.916	0.993	0	chrALL_GWAS_NBCS_risico_jan2017_methodscore_4mds_info.out	0.966007579769774	105	1799	4745	21750109	Bladder cancer	European	NBCS	FALSE	TRUE	FALSE	bladder carcinoma	NA
---	rs1883526	NA	25615202	T	C	198542	0.99503	0.96123	9.523	456.32	4279.2	0.006	6.982	165.11	1626.9	0.001	16.505	621.43	5906.1	0.007	6.982	165.11	1626.9	9.523	456.32	4279.2	0.050003	0.049771	0.050091	0	0.53826	0.4419	0.4419	0.53826	0.49352	0.1829	1.3317	0.51856	0.19497	1.3792	1.0068	0.84404	1.2009	0.93908	0.96372	0.0069957	0.091542	NA	---	rs1883526	25615202	0.951	0.959	0.995	0	chrALL_GWAS_NBCS_risico_jan2017_methodscore_4mds_info.out	0.949909199979853	105	1799	4745	21750109	Bladder cancer	European	NBCS	FALSE	TRUE	FALSE	bladder carcinoma	NA
---	rs6057527	NA	29513209	C	G	201819	0.92403	0.8543	2490.9	1891.5	362.37	0.254	952.72	712.22	133.97	0.099	3443.6	2603.7	496.33	0.353	952.72	712.22	133.97	2490.9	1891.5	362.37	0.2748	0.27243	0.2757	0	0.91315	1	1	0.91315	0.98445	0.87837	1.1033	0.96656	0.78209	1.1946	0.9837	0.90254	1.0722	0.68551	0.85204	-0.019229	0.047486	NA	---	rs6057527	29513209	0.277	0.852	0.923	0	chrALL_GWAS_NBCS_risico_jan2017_methodscore_4mds_info.out	0.275697241383671	105	1799	4745	21750109	Bladder cancer	European	NBCS	FALSE	TRUE	FALSE	bladder carcinoma	NA
---	rs293543	NA	31076109	C	A	210268	0.97936	0.96737	1985.2	2188.7	571.09	0.034	743.37	832.48	223.13	0.015	2728.6	3021.2	794.22	0.049	743.37	832.48	223.13	1985.2	2188.7	571.09	0.3522	0.35541	0.35099	0	0.40739	0.71859	0.71859	0.40739	1.0158	0.90444	1.1408	1.0434	0.87484	1.2444	1.0195	0.94092	1.1047	0.62923	0.96897	0.020226	0.041893	NA	---	rs293543	31076109	0.355	0.967	0.979	0	chrALL_GWAS_NBCS_risico_jan2017_methodscore_4mds_info.out	0.350989148554581	105	1799	4745	21750109	Bladder cancer	European	NBCS	FALSE	TRUE	FALSE	bladder carcinoma	NA
---	rs6119897	NA	31145415	G	A	210685	0.99135	0.98211	2754.2	1727	263.82	0.011	1059.1	642.07	97.833	0.003	3813.3	2369	361.66	0.014	1059.1	642.07	97.833	2754.2	1727	263.82	0.23627	0.23283	0.23758	0	0.74846	1	1	0.74846	0.96687	0.86181	1.0847	0.96435	0.75662	1.2291	0.97398	0.8896	1.0664	0.56465	0.98368	-0.02681	0.04655	NA	---	rs6119897	31145415	0.237	0.981	0.991	0	chrALL_GWAS_NBCS_risico_jan2017_methodscore_4mds_info.out	0.237579609780359	105	1799	4745	21750109	Bladder cancer	European	NBCS	FALSE	TRUE	FALSE	bladder carcinoma	NA
---	rs6058897	NA	31398105	A	C	212393	0.99537	0.99283	1199	2422.5	1123.5	0.009	457.32	907.77	433.91	0.004	1656.3	3330.3	1557.4	0.013	457.32	907.77	433.91	1199	2422.5	1123.5	0.49244	0.49349	0.49204	0	0.14648	0.70588	0.70588	0.14648	0.98245	0.86097	1.1211	1.0126	0.86762	1.1818	1.0058	0.93152	1.0861	0.88044	0.99287	0.0059672	0.039672	NA	---	rs6058897	31398105	0.496	0.993	0.996	0	chrALL_GWAS_NBCS_risico_jan2017_methodscore_4mds_info.out	0.49204425711275	105	1799	4745	21750109	Bladder cancer	European	NBCS	FALSE	TRUE	FALSE	bladder carcinoma	NA
---	rs12481282	NA	44761377	G	C	300484	0.99499	0.99112	2481.6	1891.2	372.13	0.004	915.64	728.99	154.36	0.004	3397.3	2620.2	526.49	0.008	915.64	728.99	154.36	2481.6	1891.2	372.13	0.28066	0.28842	0.27771	0	0.6641	0.60484	0.60484	0.6641	1.0447	0.93194	1.1711	1.1242	0.91828	1.3764	1.0542	0.96828	1.1477	0.22321	0.9913	0.053134	0.043622	NA	---	rs12481282	44761377	0.279	0.99	0.994	0	chrALL_GWAS_NBCS_risico_jan2017_methodscore_4mds_info.out	0.27771326447387	105	1799	4745	21750109	Bladder cancer	European	NBCS	FALSE	TRUE	FALSE	bladder carcinoma	NA
---	rs348829	NA	59011327	G	A	410527	0.99886	0.99802	528.76	2087.9	2128.4	0.004	192.81	805.57	800.62	0.001	721.56	2893.5	2929	0.005	192.81	805.57	800.62	528.76	2087.9	2128.4	0.33134	0.33107	0.33144	0	0.64638	0.63198	0.63198	0.64638	1.0581	0.88042	1.2717	1.0316	0.85838	1.2398	1.0017	0.92326	1.0868	0.96757	0.99766	0.0016916	0.041614	NA	---	rs348829	59011327	0.664	0.998	0.999	0	chrALL_GWAS_NBCS_risico_jan2017_methodscore_4mds_info.out	0.668558458691776	105	1799	4745	21750109	Bladder cancer	European	NBCS	FALSE	TRUE	FALSE	bladder carcinoma	NA
---	rs6011779	NA	61984317	C	T	435814	0.95219	0.89038	196.65	1542.1	3006.1	0.112	70.756	574.82	1153.4	0.047	267.41	2116.9	4159.5	0.159	70.756	574.82	1153.4	196.65	1542.1	3006.1	0.20261	0.1991	0.20395	0	0.96432	0.94099	0.94099	0.96432	1.036	0.77665	1.3819	1.0664	0.80588	1.411	1.0306	0.9364	1.1343	0.51258	0.88871	0.033878	0.051735	NA	---	rs6011779	61984317	0.798	0.881	0.948	0	chrALL_GWAS_NBCS_risico_jan2017_methodscore_4mds_info.out	0.796052562251704	105	1799	4745	21750109	Bladder cancer	European	NBCS	FALSE	TRUE	FALSE	bladder carcinoma	NA
---	rs4809548	NA	62001148	A	G	435957	0.97829	0.85034	4211.7	519.01	14.245	0.025	1605.6	187.24	6.123	0.017	5817.3	706.25	20.368	0.042	1605.6	187.24	6.123	4211.7	519.01	14.245	0.057075	0.055445	0.057693	0	0.78861	0.81963	0.81963	0.78861	0.94633	0.79305	1.1292	1.1275	0.43654	2.9122	0.95874	0.81142	1.1328	0.59072	0.84992	-0.049309	0.091689	NA	---	rs4809548	62001148	0.058	0.843	0.977	0	chrALL_GWAS_NBCS_risico_jan2017_methodscore_4mds_info.out	0.0576928548321322	105	1799	4745	21750109	Bladder cancer	European	NBCS	FALSE	TRUE	FALSE	bladder carcinoma	NA
---	rs6089904	NA	62018289	A	T	436124	0.98442	0.87783	4266.4	462.38	16.24	0.028	1643.4	152.35	3.279	0.011	5909.7	614.73	19.519	0.039	1643.4	152.35	3.279	4266.4	462.38	16.24	0.049952	0.044165	0.052146	0	0.37462	1	1	0.37462	0.85539	0.70614	1.0362	0.52418	0.15978	1.7196	0.83989	0.69945	1.0085	0.046936	0.8801	-0.18961	0.095434	NA	---	rs6089904	62018289	0.049	0.865	0.983	0	chrALL_GWAS_NBCS_risico_jan2017_methodscore_4mds_info.out	0.0521451964375282	105	1799	4745	21750109	Bladder cancer	European	NBCS	FALSE	TRUE	FALSE	bladder carcinoma	NA
---	rs909334	NA	62270930	C	A	438018	0.98928	0.97735	2737.8	1749.8	257.29	0.022	1058.6	646.26	94.091	0.006	3796.5	2396.1	351.38	0.028	1058.6	646.26	94.091	2737.8	1749.8	257.29	0.23677	0.23192	0.23861	0	0.31771	0.79112	0.79112	0.31771	0.95513	0.85157	1.0713	0.94577	0.7391	1.2102	0.96347	0.87995	1.0549	0.41284	0.97788	-0.038397	0.046888	NA	---	rs909334	62270930	0.24	0.975	0.988	0	chrALL_GWAS_NBCS_risico_jan2017_methodscore_4mds_info.out	0.238612486274708	105	1799	4745	21750109	Bladder cancer	European	NBCS	FALSE	TRUE	FALSE	bladder carcinoma	NA
---	rs3810496	NA	62406886	T	C	439000	0.97834	0.96724	703.87	2311.9	1729.1	0.048	289.76	881.73	627.49	0.018	993.63	3193.7	2356.6	0.066	289.76	881.73	627.49	703.87	2311.9	1729.1	0.39586	0.40613	0.39196	0	0.12775	0.49395	0.49395	0.12775	0.92643	0.79161	1.0842	0.88152	0.74781	1.0391	0.94262	0.87166	1.0194	0.12832	0.96784	-0.062561	0.041138	NA	---	rs3810496	62406886	0.609	0.966	0.978	0	chrALL_GWAS_NBCS_risico_jan2017_methodscore_4mds_info.out	0.608035625844333	105	1799	4745	21750109	Bladder cancer	European	NBCS	FALSE	TRUE	FALSE	bladder carcinoma	NA
---	rs11697746	NA	62471606	G	A	439537	0.99849	0.99163	4133.9	588.37	22.715	0	1570.3	225.71	3.004	0	5704.2	814.09	25.719	0	1570.3	225.71	3.004	4133.9	588.37	22.715	0.066131	0.064402	0.066787	0	0.81497	0.11212	0.11212	0.81497	1.0099	0.85708	1.19	0.34815	0.10437	1.1614	0.96185	0.82324	1.1238	0.62105	0.99044	-0.039294	0.079483	NA	---	rs11697746	62471606	0.066	0.989	0.998	0	chrALL_GWAS_NBCS_risico_jan2017_methodscore_4mds_info.out	0.0667863017480561	105	1799	4745	21750109	Bladder cancer	European	NBCS	FALSE	TRUE	FALSE	bladder carcinoma	NA
22	rs136233	NA	31212410	A	G	102736	1	1	3110	1467	168	0	1193	555	51	0	4303	2022	219	0	1193	555	51	3110	1467	168	0.18796	0.1826	0.18999	0	0.77737	0.17902	0.17902	0.77737	0.98624	0.8762	1.1101	0.79137	0.57443	1.0902	0.95243	0.86273	1.0515	0.33098	1	-0.049032	0.050437	NA	22	rs136233	31212410	0.188	1	1	2	chrALL_GWAS_NBCS_risico_jan2017_methodscore_4mds_info.out	0.189989462592202	105	1799	4745	21750109	Bladder cancer	European	NBCS	FALSE	TRUE	FALSE	bladder carcinoma	NA
